5e-04 0.001 0.005 0.01 0.02 0.03 0.04 0.05 0.06 0.07 0.08 0.09 0.1 0.15 0.2 0.25 0.3 0.35 0.4 0.45 0.5 0.75
2 2 21 47 98 175 253 333 413 511 590 694 776 1234 1679 2126 2585 3085 3579 4112 4675 7304
0 3 22 55 137 233 353 501 633 763 899 1030 1165 1888 2505 3139 3755 4287 4814 5311 5828 8022
2 3 13 32 75 123 181 234 306 371 445 526 602 1037 1508 1978 2489 3029 3575 4125 4689 7498
7 10 50 110 271 428 628 824 995 1157 1295 1461 1612 2326 2991 3545 4073 4570 5062 5539 5958 8034
0 0 3 15 36 59 93 121 166 209 250 291 340 624 980 1338 1774 2243 2735 3229 3774 6705
1 4 28 59 138 217 315 412 520 613 693 797 905 1475 2015 2557 3102 3645 4157 4708 5166 7580
10 19 84 171 319 450 566 697 809 916 1021 1137 1246 1772 2300 2822 3306 3787 4270 4775 5232 7748
9 26 128 246 460 677 877 1045 1226 1347 1513 1683 1817 2477 3088 3622 4115 4555 5034 5494 5947 8037
1 2 5 14 35 54 80 109 139 171 224 265 327 594 945 1363 1805 2266 2781 3299 3882 6917
1 2 29 72 167 261 368 482 593 693 771 877 974 1447 1987 2486 3022 3556 4069 4591 5114 7627
5 10 43 71 133 205 263 339 405 482 560 628 726 1148 1561 2058 2546 3080 3559 4080 4567 7222
2 3 16 37 98 162 225 304 376 458 533 607 707 1200 1674 2132 2649 3130 3639 4167 4665 7325
4 6 20 44 91 142 202 268 353 419 493 558 637 1038 1465 1889 2360 2826 3354 3890 4417 7154
0 0 7 19 43 66 93 125 165 206 251 294 339 653 1017 1460 1948 2404 2878 3418 4009 6947
20 39 314 642 1210 1654 2041 2403 2682 2925 3125 3367 3575 4334 4954 5506 5965 6380 6788 7152 7480 8824
1 1 6 28 60 102 159 235 315 387 472 566 646 1136 1676 2211 2765 3299 3875 4404 4930 7493
2 4 11 22 60 90 127 164 216 263 302 364 415 748 1121 1530 1939 2396 2902 3447 3977 6843
2 4 34 88 191 328 465 588 723 872 1005 1155 1294 1976 2601 3238 3802 4341 4846 5300 5797 8005
0 1 15 39 95 158 222 294 390 473 544 647 710 1182 1697 2188 2708 3277 3782 4297 4780 7447
0 1 9 27 73 132 210 285 382 468 558 664 790 1325 1861 2450 3004 3580 4143 4674 5193 7704
1 2 18 50 141 229 316 431 520 644 753 865 975 1493 2037 2559 3117 3679 4199 4702 5195 7599
3 6 27 47 120 201 288 372 467 564 660 749 853 1364 1944 2490 3070 3590 4062 4591 5125 7557
1 1 3 7 27 44 68 94 119 153 184 223 267 496 768 1169 1588 2074 2585 3125 3677 6771
1 2 21 44 110 187 280 411 526 634 759 887 1030 1755 2444 3060 3687 4268 4806 5324 5804 8039
3 3 10 21 46 109 173 242 299 361 440 512 591 1028 1509 2039 2595 3073 3620 4147 4708 7382
4 11 104 228 464 674 858 1029 1207 1368 1534 1700 1832 2545 3169 3733 4302 4736 5193 5645 6074 8099
1 1 11 26 65 120 173 228 295 369 446 532 602 985 1401 1856 2334 2880 3413 3964 4482 7233
1 1 3 11 25 48 76 115 153 199 251 298 361 656 1027 1441 1848 2277 2770 3298 3822 6812
1 3 29 69 151 253 370 464 599 692 797 914 1043 1670 2238 2797 3375 3949 4492 5008 5505 7799
2 6 43 91 221 357 476 614 746 865 992 1142 1260 1867 2476 3056 3604 4127 4658 5154 5657 7899
0 0 0 1 12 23 43 72 94 121 147 183 213 416 671 959 1302 1715 2156 2620 3143 6344
6 11 55 132 315 521 728 940 1168 1368 1546 1734 1922 2762 3445 4030 4610 5115 5587 6056 6490 8375
1 2 9 16 56 114 167 235 306 364 436 511 588 1019 1478 1958 2492 3043 3577 4139 4757 7444
1 1 22 60 175 343 494 671 817 972 1172 1345 1511 2250 2978 3571 4143 4645 5101 5607 6082 8078
4 9 62 140 292 452 631 791 943 1098 1246 1373 1517 2135 2699 3260 3805 4272 4771 5220 5694 7851
3 5 56 120 267 406 552 689 809 917 1025 1159 1297 1843 2406 2908 3452 3933 4454 4933 5434 7706
2 5 28 71 171 284 383 517 662 822 957 1072 1218 1827 2496 3138 3722 4251 4744 5247 5716 7913
0 0 10 25 95 178 260 361 472 570 677 758 878 1419 1929 2440 2942 3455 3962 4467 4969 7481
0 0 4 13 32 64 100 135 182 236 281 332 383 697 1042 1485 1885 2311 2760 3286 3844 6850
9 18 67 132 257 385 496 615 732 846 965 1070 1204 1751 2308 2817 3305 3804 4285 4802 5277 7719
0 1 9 22 47 89 141 193 250 313 382 468 527 955 1414 1940 2498 3077 3572 4116 4693 7348
0 1 12 21 60 99 145 194 255 320 386 446 519 960 1452 1994 2562 3115 3715 4237 4750 7396
1 6 59 140 335 518 679 869 1037 1215 1388 1563 1708 2448 3144 3803 4363 4896 5368 5847 6288 8230
0 1 12 33 92 157 212 279 333 421 500 560 636 1068 1540 2051 2555 3073 3589 4116 4615 7312
0 0 9 18 50 98 144 199 269 345 395 466 551 967 1423 1920 2438 2943 3479 4035 4586 7295
2 2 29 64 145 263 379 499 608 728 851 970 1092 1705 2305 2842 3376 3906 4383 4894 5392 7754
0 2 5 10 25 41 72 107 147 196 241 294 335 594 928 1276 1700 2128 2608 3097 3597 6660
1 1 7 25 56 112 171 230 290 356 437 509 589 1008 1464 1958 2505 3015 3520 4060 4571 7307
0 0 9 19 74 128 204 281 358 451 524 610 706 1183 1713 2252 2751 3282 3798 4338 4875 7400
20 50 209 408 728 1009 1237 1447 1657 1859 2052 2232 2421 3171 3791 4335 4825 5317 5772 6159 6569 8328
2 5 28 71 172 277 382 500 616 726 835 947 1053 1631 2191 2729 3259 3783 4274 4804 5277 7682
48 102 337 555 938 1217 1470 1667 1887 2088 2262 2442 2608 3286 3855 4427 4885 5323 5785 6185 6553 8348
0 1 4 14 40 62 76 99 127 153 195 242 287 521 802 1142 1539 1994 2523 3058 3642 6837
1 2 18 48 118 198 314 426 539 656 776 915 1048 1609 2204 2793 3301 3826 4333 4809 5272 7665
0 1 2 8 23 49 78 99 127 164 201 239 278 511 832 1190 1585 2042 2531 3041 3565 6515
52 95 328 547 967 1256 1549 1784 2028 2218 2388 2565 2754 3494 4129 4667 5172 5618 6055 6453 6837 8460
3 5 30 76 182 281 381 502 621 737 844 954 1058 1583 2154 2666 3152 3651 4178 4666 5169 7578
4 6 39 84 200 321 452 591 712 854 979 1117 1281 1934 2590 3204 3805 4347 4868 5369 5853 7977
0 4 9 20 40 67 98 136 177 217 251 300 340 594 918 1305 1697 2159 2614 3161 3737 6692
10 16 81 158 315 457 613 764 896 1008 1142 1273 1403 1995 2554 3085 3582 4057 4570 5033 5519 7849
3 4 18 30 79 128 187 262 336 441 518 603 693 1169 1659 2226 2791 3333 3854 4399 4944 7599
0 4 22 60 170 269 363 489 594 694 803 917 1031 1619 2158 2670 3187 3702 4249 4789 5268 7653
0 0 3 8 31 47 85 123 167 212 264 316 375 679 1055 1464 1905 2394 2943 3454 3987 6840
2 12 106 215 462 713 940 1184 1402 1609 1829 2044 2243 3123 3824 4427 4955 5448 5863 6276 6689 8424
59 107 369 612 993 1296 1556 1779 1985 2195 2365 2544 2728 3445 4016 4607 5099 5544 6000 6418 6803 8471
1 8 74 186 436 662 861 1075 1260 1448 1645 1803 1965 2702 3332 3944 4464 4933 5412 5877 6305 8206
4 6 34 68 145 224 313 407 513 616 711 811 896 1390 1929 2442 2952 3466 3982 4484 4987 7525
6 16 93 200 423 626 855 1057 1243 1436 1629 1783 1942 2657 3245 3819 4352 4863 5335 5831 6257 8221
1 2 9 21 39 69 113 165 219 277 336 391 451 823 1249 1696 2175 2678 3224 3765 4328 7153
0 0 4 10 25 43 67 83 117 147 169 201 241 453 736 1090 1501 1909 2406 2909 3455 6615
0 0 9 26 85 150 228 306 400 520 603 709 835 1385 1910 2462 3016 3554 4084 4628 5111 7622
0 0 11 32 81 134 192 272 341 411 480 571 654 1097 1529 1994 2493 2978 3510 4014 4542 7232
1 2 22 44 112 172 234 317 390 464 561 649 717 1180 1673 2178 2653 3157 3679 4185 4711 7293
0 0 7 22 45 78 124 196 236 311 377 451 528 941 1416 1868 2375 2858 3385 3915 4451 7137
2 6 27 69 160 251 365 466 562 674 779 901 1025 1587 2157 2680 3254 3767 4286 4777 5265 7671
0 1 10 25 76 127 198 261 347 422 517 605 699 1197 1719 2273 2858 3394 3898 4428 4970 7552
2 4 6 8 21 44 67 99 127 151 192 236 276 537 854 1178 1599 2059 2552 3044 3624 6755
1 4 20 59 124 179 257 320 419 508 582 667 743 1195 1648 2131 2631 3129 3673 4152 4685 7296
0 0 2 3 25 44 73 110 159 204 238 285 342 626 1009 1449 1907 2434 2962 3501 4044 6979
1 2 22 61 135 233 332 442 563 673 799 920 1058 1702 2341 2947 3528 4059 4556 5093 5584 7803
0 2 23 45 116 178 232 297 363 434 507 581 660 1077 1544 2049 2481 2926 3431 3927 4434 7143
4 15 97 213 439 680 908 1103 1312 1498 1671 1835 1982 2768 3398 3978 4482 4999 5465 5921 6348 8223
3 6 26 54 109 191 252 320 404 508 585 692 800 1260 1736 2228 2721 3206 3680 4206 4725 7369
2 4 12 26 84 137 197 268 362 467 547 636 717 1157 1644 2179 2683 3170 3690 4212 4746 7439
0 0 19 39 103 184 268 354 456 563 656 753 863 1380 1921 2454 2998 3527 4036 4551 5068 7525
11 36 234 483 948 1334 1652 1963 2209 2442 2667 2868 3087 3893 4524 5125 5585 6047 6426 6785 7132 8706
0 3 21 56 136 248 356 471 595 722 859 966 1089 1604 2142 2698 3253 3804 4308 4852 5380 7818
0 3 14 37 77 126 183 255 329 424 507 606 716 1205 1789 2339 2876 3419 3960 4523 5066 7599
4 8 19 29 56 90 124 150 181 215 254 280 314 542 840 1163 1546 1940 2352 2823 3354 6466
2 3 15 42 117 189 286 393 500 625 754 880 985 1577 2213 2780 3363 3922 4463 4993 5494 7793
1 2 18 38 77 145 216 275 353 424 532 624 732 1227 1699 2171 2660 3206 3708 4197 4670 7250
74 119 332 519 812 1039 1224 1412 1601 1766 1935 2086 2231 2890 3478 4013 4494 4991 5430 5842 6246 8171
1 1 12 38 84 161 254 347 451 552 651 761 874 1424 1957 2487 3044 3573 4082 4580 5107 7582
19 38 138 258 446 628 779 922 1072 1202 1357 1468 1594 2178 2748 3295 3775 4276 4738 5203 5658 7846
16 24 125 230 441 630 816 1011 1190 1358 1522 1690 1857 2541 3192 3816 4345 4825 5323 5780 6194 8171
0 1 8 16 51 103 162 200 255 321 379 439 515 933 1336 1810 2319 2868 3406 3915 4414 7141
13 24 91 162 302 466 621 775 919 1062 1222 1360 1498 2198 2797 3338 3885 4404 4909 5384 5826 8013
2 3 18 50 139 221 316 417 522 620 719 825 946 1426 1962 2477 3030 3561 4078 4594 5101 7556
0 0 3 6 17 28 48 75 101 120 153 185 221 456 712 1059 1468 1925 2399 2904 3443 6585
2 5 24 46 102 154 221 291 367 440 505 591 682 1152 1661 2238 2767 3308 3860 4377 4902 7455
4 6 40 109 206 334 449 550 685 792 920 1041 1157 1781 2336 2877 3434 3951 4445 4929 5453 7750
2 3 17 49 139 235 348 479 608 737 870 993 1116 1757 2341 2873 3483 4008 4566 5022 5514 7788
6 13 163 374 775 1103 1427 1706 1950 2205 2413 2624 2793 3570 4225 4732 5241 5688 6071 6466 6835 8478
20 35 117 223 399 570 739 871 1032 1163 1310 1446 1583 2217 2796 3339 3851 4346 4833 5306 5766 7911
0 0 5 9 24 58 85 110 147 186 224 262 303 565 879 1251 1623 2018 2483 2964 3486 6556
3 3 19 40 93 160 240 318 395 467 563 643 743 1196 1698 2209 2737 3242 3746 4271 4790 7458
0 5 42 88 162 231 319 387 472 573 673 770 860 1367 1934 2465 3010 3513 4042 4597 5131 7570
1 2 18 44 105 175 247 312 401 493 579 676 790 1336 1914 2413 3008 3580 4134 4668 5152 7622
0 0 8 19 49 84 125 180 219 277 339 397 454 808 1252 1699 2163 2684 3178 3709 4268 7114
1 1 9 26 70 119 177 250 329 391 473 569 658 1136 1644 2222 2769 3376 3932 4447 4966 7495
2 2 9 23 48 91 133 170 217 267 313 366 417 747 1142 1561 1992 2476 2956 3486 4048 6928
10 21 118 256 514 693 900 1071 1209 1362 1523 1666 1807 2464 3065 3608 4135 4615 5086 5575 6053 8092
6 12 84 152 314 450 599 751 901 1051 1174 1322 1452 2122 2730 3288 3835 4373 4884 5366 5866 7992
3 4 32 58 117 171 225 287 369 445 527 595 659 1055 1522 1993 2491 2997 3512 4026 4545 7234
4 9 49 92 205 310 437 549 674 790 899 1033 1155 1759 2344 2932 3478 3974 4467 4967 5465 7759
1 2 11 26 82 144 227 330 430 531 637 734 841 1395 1929 2528 3063 3617 4136 4660 5157 7628
6 18 94 172 333 483 617 749 873 1000 1112 1243 1361 1987 2556 3075 3594 4134 4651 5111 5572 7831
0 0 4 14 46 90 139 196 263 331 397 464 525 916 1351 1814 2301 2781 3278 3791 4347 7101
16 37 216 393 742 1014 1288 1540 1750 1952 2122 2311 2472 3220 3896 4492 4993 5449 5913 6349 6723 8393
1 1 10 34 94 169 252 334 413 508 587 691 796 1265 1795 2321 2815 3290 3773 4289 4801 7385
0 0 2 11 22 42 47 66 88 99 127 151 179 345 609 930 1281 1701 2214 2706 3197 6362
3 4 21 32 63 105 152 209 270 321 390 445 525 930 1353 1813 2276 2784 3292 3823 4331 7169
33 75 292 522 867 1173 1425 1640 1848 2037 2226 2382 2539 3284 3965 4535 5038 5481 5909 6316 6720 8467
4 5 20 49 123 167 242 307 416 500 592 675 767 1258 1769 2285 2796 3319 3848 4390 4928 7516
0 0 3 11 40 71 100 143 185 232 285 347 410 748 1132 1577 2028 2552 3061 3599 4166 6990
1 2 10 21 46 69 99 129 167 222 268 326 396 737 1194 1673 2190 2771 3342 3909 4528 7296
5 14 48 91 226 393 536 680 839 973 1088 1212 1339 1941 2486 3029 3583 4113 4568 5048 5514 7784
7 15 66 142 285 428 566 709 850 976 1154 1287 1408 2054 2676 3267 3797 4321 4818 5271 5738 7994
1 9 41 100 219 334 447 575 686 799 914 1026 1135 1688 2274 2823 3366 3908 4482 4986 5491 7801
13 29 160 339 730 1054 1325 1578 1836 2047 2251 2443 2631 3436 4115 4686 5205 5664 6076 6472 6816 8527
7 14 49 96 195 269 369 467 563 687 791 890 1003 1517 1986 2490 3009 3516 4038 4504 5022 7451
11 12 46 98 204 310 425 521 622 738 854 938 1058 1617 2153 2721 3225 3772 4343 4879 5371 7819
1 1 18 38 94 169 235 320 397 485 566 642 741 1248 1788 2337 2832 3383 3947 4505 5012 7570
0 3 17 39 86 126 183 239 305 371 441 519 590 996 1440 1904 2405 2887 3425 3921 4439 7235
1 2 35 87 181 293 411 513 611 710 820 922 1043 1595 2061 2583 3087 3579 4095 4583 5091 7524
5 25 123 273 536 754 947 1132 1276 1438 1590 1726 1860 2457 3017 3490 3949 4401 4842 5290 5755 7895
4 4 21 40 95 138 181 218 277 334 394 446 528 853 1260 1744 2247 2742 3191 3724 4221 7037
0 1 16 44 106 181 266 374 485 608 715 836 946 1522 2085 2640 3204 3753 4257 4784 5265 7628
0 2 15 40 96 150 217 290 358 423 494 585 664 1103 1581 2098 2587 3130 3682 4191 4729 7360
15 28 123 226 381 525 680 852 996 1107 1240 1368 1482 2036 2616 3128 3657 4140 4590 5070 5531 7852
3 5 40 90 207 318 457 606 727 887 1037 1188 1325 1982 2627 3196 3759 4286 4841 5341 5809 7999
0 0 13 32 71 126 179 249 302 361 413 477 550 968 1361 1815 2296 2758 3264 3824 4335 7048
6 8 29 58 114 171 230 306 385 462 544 625 699 1149 1586 2060 2535 3062 3579 4071 4620 7313
10 22 112 219 427 615 794 973 1107 1264 1434 1579 1729 2468 3096 3682 4199 4705 5155 5563 6008 8058
3 6 50 99 208 321 424 546 662 776 887 997 1111 1686 2271 2818 3360 3900 4383 4925 5415 7704
0 0 2 8 38 74 106 138 173 217 271 324 357 652 983 1393 1805 2219 2678 3203 3764 6687
0 1 21 44 116 205 292 384 470 567 681 796 907 1489 2070 2670 3249 3788 4302 4811 5319 7722
4 10 64 130 268 400 545 692 852 998 1159 1295 1440 2130 2742 3329 3915 4467 5000 5466 5920 8035
1 3 16 30 76 129 226 295 379 443 528 625 721 1203 1698 2192 2715 3273 3789 4269 4821 7460
1 3 19 54 126 199 254 334 397 468 539 626 712 1157 1628 2099 2617 3097 3584 4091 4615 7263
8 15 93 170 324 474 636 775 908 1028 1160 1291 1414 2038 2612 3128 3676 4198 4692 5161 5615 7819
3 7 18 39 79 119 150 200 261 322 382 439 496 847 1283 1706 2123 2611 3096 3634 4190 7077
3 8 116 288 600 842 1091 1306 1524 1729 1910 2080 2252 2975 3642 4219 4755 5237 5671 6055 6408 8286
1 4 27 61 137 215 311 400 484 571 660 755 856 1305 1810 2318 2818 3309 3805 4302 4785 7383
0 1 7 23 64 128 194 256 339 409 496 578 664 1124 1645 2231 2802 3360 3866 4428 4982 7554
0 1 2 5 8 26 51 77 93 117 149 177 200 416 684 965 1336 1722 2180 2685 3163 6355
0 0 0 3 13 24 41 64 85 112 139 177 213 422 710 1018 1366 1771 2239 2697 3253 6364
0 3 15 37 86 143 205 265 329 395 473 551 639 1032 1507 1987 2465 2964 3478 4019 4555 7284
2 6 35 84 176 277 402 514 642 752 867 960 1076 1624 2155 2696 3247 3735 4233 4733 5227 7629
4 5 28 62 106 169 242 310 387 445 524 605 692 1138 1551 2036 2561 3024 3538 4077 4576 7279
0 4 24 50 107 173 227 294 372 431 503 585 673 1099 1562 2062 2534 3050 3526 4025 4539 7240
1 1 11 39 90 154 233 317 406 515 621 723 828 1425 2055 2627 3212 3782 4317 4831 5359 7720
3 5 20 61 137 221 325 409 496 586 679 792 901 1396 1872 2364 2891 3395 3924 4459 4960 7466
3 4 10 23 48 98 150 199 266 325 388 466 537 920 1345 1803 2253 2740 3276 3826 4391 7139
0 0 8 19 46 66 96 136 174 220 268 308 362 661 1013 1375 1752 2129 2624 3145 3667 6723
2 3 12 20 49 78 107 144 173 209 247 284 319 569 881 1239 1656 2102 2578 3093 3611 6642
11 24 135 273 504 718 886 1055 1254 1415 1590 1742 1900 2609 3205 3763 4271 4812 5262 5722 6124 8156
0 0 15 42 105 173 271 354 452 555 651 770 886 1469 2086 2705 3271 3835 4365 4879 5395 7823
5 10 30 74 159 246 330 442 535 636 750 839 936 1443 1961 2474 3009 3550 4082 4584 5089 7601
0 0 3 10 37 69 109 158 223 282 351 418 496 880 1298 1779 2242 2739 3285 3791 4324 7161
1 2 4 9 40 63 106 154 201 253 308 375 440 782 1228 1676 2172 2702 3262 3843 4398 7132
0 0 10 23 54 92 150 204 257 322 405 474 545 899 1363 1835 2328 2840 3326 3869 4434 7178
1 4 44 111 260 413 588 724 900 1074 1228 1411 1545 2203 2823 3435 3948 4467 4984 5438 5924 8089
3 4 12 35 97 152 226 297 377 468 547 642 760 1262 1780 2327 2912 3438 3953 4463 5008 7507
0 2 16 30 70 105 158 208 246 287 331 385 446 734 1078 1415 1790 2246 2732 3302 3841 6779
1 3 16 43 86 134 179 248 317 375 436 489 559 907 1321 1754 2223 2723 3273 3741 4284 7044
0 2 7 24 65 106 169 229 316 408 496 576 666 1177 1667 2189 2732 3223 3746 4228 4792 7446
0 1 8 31 64 119 166 241 304 359 416 473 547 917 1324 1777 2219 2749 3234 3733 4277 7058
0 1 10 28 73 136 204 287 358 446 517 616 719 1157 1654 2151 2703 3228 3761 4312 4843 7374
0 1 20 46 111 164 238 297 369 432 509 592 673 1114 1594 2101 2667 3224 3754 4301 4837 7424
0 1 7 27 56 99 144 197 267 330 387 459 532 952 1433 1945 2443 2975 3513 4084 4588 7252
1 1 3 3 6 11 24 36 44 62 77 97 120 229 386 606 847 1177 1569 2004 2469 5692
2 2 2 5 21 40 65 92 117 143 183 210 244 455 745 1052 1441 1881 2378 2934 3488 6543
1 1 12 42 81 142 210 287 364 446 532 599 692 1219 1752 2267 2837 3346 3881 4395 4934 7472
0 0 3 17 45 82 121 159 212 259 316 358 407 717 1094 1491 1929 2407 2918 3436 3958 6851
39 92 380 648 1032 1330 1589 1802 2014 2234 2409 2566 2732 3433 4046 4556 5021 5470 5888 6277 6666 8387
2 3 28 66 149 249 356 447 546 659 761 843 949 1465 2002 2516 3026 3543 4045 4533 5021 7495
0 0 1 5 16 34 48 67 93 111 141 182 216 408 682 1003 1353 1723 2174 2631 3112 6308
4 11 37 91 215 359 487 602 731 865 1040 1164 1290 1930 2485 3051 3595 4140 4666 5150 5633 7845
2 4 22 79 216 372 550 720 898 1065 1234 1408 1573 2377 3000 3610 4204 4719 5200 5648 6080 8143
3 4 34 79 191 314 420 522 650 779 899 1024 1123 1674 2228 2747 3290 3838 4363 4846 5339 7725
1 4 20 58 132 217 310 410 506 618 745 867 1001 1577 2198 2785 3376 3881 4399 4916 5410 7734
1 2 16 52 123 204 303 383 482 567 675 772 868 1333 1808 2299 2762 3294 3790 4313 4787 7318
2 4 18 46 118 206 314 419 534 648 774 905 1047 1653 2257 2830 3409 3952 4527 5060 5555 7829
0 5 68 167 386 596 791 985 1175 1355 1537 1688 1852 2559 3177 3766 4268 4797 5221 5672 6073 8072
181 268 665 987 1440 1787 2095 2321 2535 2750 2930 3097 3266 3996 4523 4993 5459 5871 6258 6628 6984 8561
0 2 12 29 76 138 187 258 344 417 511 601 691 1150 1611 2099 2644 3186 3750 4264 4794 7416
1 4 17 28 59 86 120 162 217 264 324 379 439 751 1122 1538 1972 2445 2952 3442 3978 6819
3 7 23 48 106 177 254 334 411 503 604 706 805 1285 1747 2226 2732 3233 3761 4285 4833 7431
1 1 19 55 144 261 376 478 579 735 857 995 1124 1787 2370 2948 3484 3991 4497 5001 5472 7739
17 25 103 192 364 498 610 728 866 968 1083 1197 1327 1882 2421 2940 3409 3902 4374 4891 5378 7703
0 0 2 8 20 37 53 88 123 176 218 262 317 603 964 1388 1861 2322 2857 3385 3960 6997
3 5 28 62 168 290 392 511 615 707 813 894 1020 1589 2146 2697 3236 3759 4283 4800 5325 7757
2 4 48 130 275 422 571 736 905 1059 1227 1392 1551 2289 2985 3596 4169 4685 5189 5639 6065 8069
8 12 36 67 137 229 302 379 465 551 633 704 793 1237 1682 2191 2702 3235 3782 4277 4789 7459
9 22 107 221 416 626 847 1031 1205 1373 1528 1692 1853 2562 3244 3861 4408 4890 5395 5862 6292 8221
0 0 7 21 56 104 151 216 298 363 431 488 561 963 1393 1806 2253 2689 3174 3667 4183 7019
3 6 40 90 188 284 403 496 614 732 829 933 1040 1592 2144 2661 3184 3700 4195 4638 5124 7565
0 0 14 31 72 133 174 227 281 352 430 511 583 999 1419 1872 2346 2832 3366 3912 4437 7128
0 0 11 30 54 100 148 201 263 326 370 432 500 915 1376 1862 2391 2931 3502 4087 4654 7442
3 20 166 315 549 767 967 1131 1300 1454 1598 1736 1878 2526 3104 3667 4195 4692 5179 5646 6079 8055
0 1 9 30 57 113 165 228 286 361 437 539 607 1070 1591 2109 2643 3142 3655 4171 4694 7308
1 2 7 21 49 95 141 199 240 284 330 392 460 810 1234 1641 2068 2519 3007 3527 4055 6924
9 15 64 126 270 391 520 631 741 878 986 1108 1248 1791 2308 2852 3376 3917 4440 4926 5431 7696
2 8 61 131 301 473 635 793 952 1111 1306 1444 1600 2270 2894 3482 4023 4549 5044 5535 6019 8049
1 2 8 17 58 90 158 231 297 363 431 507 602 1016 1493 1974 2430 2974 3540 4075 4594 7362
11 15 52 96 194 310 421 519 629 741 847 937 1026 1515 2024 2542 3031 3556 4094 4594 5090 7627
0 2 11 32 86 137 180 249 302 375 445 499 584 979 1437 1875 2344 2828 3387 3914 4443 7232
1 3 24 57 133 202 286 382 481 568 668 775 863 1375 1909 2433 2963 3528 4035 4525 5035 7563
2 3 20 62 109 183 236 326 412 495 578 667 738 1241 1699 2205 2685 3229 3734 4228 4761 7420
0 0 6 24 65 127 209 295 385 478 556 654 752 1289 1813 2362 2916 3448 3979 4513 5011 7574
0 1 10 29 82 133 189 242 312 398 482 589 675 1166 1695 2251 2783 3355 3907 4446 5002 7523
1 3 10 26 69 110 167 229 280 339 408 468 530 905 1297 1720 2165 2629 3137 3631 4161 7010
2 5 32 75 187 301 423 536 678 806 940 1077 1198 1838 2474 3093 3671 4223 4745 5226 5707 7885
2 4 21 42 87 129 168 210 265 302 346 412 459 767 1135 1562 2064 2543 3066 3606 4121 6987
3 9 43 96 218 331 461 578 715 857 999 1117 1248 1817 2381 2946 3475 3959 4470 4948 5454 7747
0 0 0 2 7 16 23 35 54 76 96 122 150 297 512 771 1071 1467 1901 2390 2953 6154
0 2 13 22 67 99 133 178 237 296 365 422 488 844 1260 1698 2225 2731 3250 3767 4360 7168
2 5 35 97 224 348 489 625 759 917 1061 1213 1352 2012 2623 3184 3728 4286 4815 5297 5786 7941
3 4 35 94 199 303 388 498 612 729 847 952 1048 1587 2117 2650 3176 3650 4183 4660 5169 7625
121 220 633 953 1422 1781 2087 2355 2594 2790 2996 3177 3350 4086 4671 5203 5640 6036 6442 6812 7154 8640
0 1 8 13 39 63 93 137 167 216 264 310 369 689 1021 1416 1845 2300 2853 3392 3970 6901
1 3 16 31 77 130 171 213 272 314 370 416 461 794 1153 1563 1993 2487 3015 3582 4104 6964
21 52 221 416 766 1070 1301 1513 1720 1907 2091 2253 2407 3119 3724 4246 4723 5202 5642 6064 6468 8300
0 1 6 21 69 115 179 231 272 318 377 434 476 831 1201 1623 2095 2573 3092 3632 4148 6956
0 2 8 29 81 132 193 246 293 363 438 500 579 979 1453 1933 2388 2895 3388 3900 4398 7162
0 1 11 21 44 76 123 183 229 274 317 373 446 843 1219 1682 2148 2648 3152 3709 4251 7073
11 31 139 261 509 736 938 1145 1349 1509 1671 1826 1987 2679 3312 3873 4403 4915 5361 5775 6196 8131
0 5 21 49 117 189 262 346 444 541 618 723 816 1328 1859 2431 2992 3515 4013 4519 5038 7501
1 4 34 59 131 207 291 385 485 547 627 728 817 1294 1778 2242 2741 3230 3781 4291 4817 7393
1 4 54 124 291 486 711 921 1138 1344 1542 1739 1932 2750 3424 4066 4593 5088 5517 5984 6401 8269
1 2 14 36 74 109 149 198 242 294 360 416 481 857 1214 1643 2106 2614 3121 3632 4173 7126
0 0 3 10 35 62 96 147 187 241 280 321 372 716 1075 1464 1953 2420 2930 3496 3969 6905
1 2 2 7 28 48 79 125 178 230 290 350 416 795 1209 1682 2205 2758 3290 3862 4465 7201
0 0 7 19 49 88 142 202 259 307 385 450 523 953 1422 1919 2436 2972 3510 4062 4579 7362
1 6 41 89 188 300 404 517 636 735 841 939 1044 1607 2157 2709 3220 3741 4252 4746 5258 7720
0 2 6 14 53 99 150 211 263 321 383 463 518 963 1413 1903 2418 2982 3497 3972 4494 7254
1 2 18 38 93 158 230 299 388 467 542 610 695 1128 1537 2017 2518 3031 3530 4014 4527 7203
1 1 6 12 33 64 98 140 177 218 252 301 355 625 933 1298 1644 2055 2490 2946 3480 6527
3 5 26 58 136 211 293 367 467 554 646 741 828 1212 1638 2081 2547 3049 3546 4055 4566 7281
7 16 63 108 217 337 454 570 694 798 924 1041 1154 1730 2300 2905 3451 3967 4449 4951 5447 7831
1 7 50 104 240 383 503 653 785 913 1049 1188 1337 2000 2615 3225 3780 4344 4847 5301 5767 7922
0 0 5 11 40 68 95 126 172 217 263 313 374 713 1085 1566 2076 2615 3193 3734 4282 7120
0 0 16 32 83 125 177 234 294 373 429 502 554 942 1374 1785 2226 2696 3164 3670 4187 7068
0 0 5 18 45 79 121 148 195 241 285 342 395 694 1014 1373 1775 2252 2736 3209 3765 6845
1 1 11 37 93 162 242 324 398 486 576 669 749 1225 1719 2272 2784 3305 3828 4363 4869 7361
7 10 78 131 249 350 467 594 702 831 946 1053 1149 1665 2148 2655 3149 3615 4095 4590 5090 7593
0 1 12 22 52 98 133 202 276 346 442 517 596 1069 1598 2158 2683 3264 3800 4318 4851 7458
2 4 22 52 140 241 346 458 563 687 817 940 1069 1714 2325 2918 3501 4069 4595 5108 5638 7893
0 2 18 71 193 339 514 654 831 997 1159 1331 1496 2314 3047 3683 4335 4870 5372 5855 6321 8249
3 3 59 158 328 498 672 841 1008 1160 1340 1478 1634 2338 2917 3488 4031 4543 5020 5479 5956 7988
1 1 3 7 27 48 90 124 155 196 245 295 351 685 1055 1471 1939 2418 2938 3508 4091 7045
4 11 78 158 329 500 667 817 996 1147 1278 1407 1547 2198 2807 3362 3898 4448 4946 5388 5854 7984
0 1 1 12 28 49 81 114 144 172 219 264 312 625 1008 1439 1910 2389 2934 3486 4023 7009
2 3 15 27 82 145 202 261 338 413 495 595 689 1082 1558 2002 2503 2986 3487 4003 4522 7274
1 1 5 18 50 95 146 203 266 327 414 499 594 1038 1567 2104 2664 3206 3752 4321 4863 7511
8 18 84 178 368 559 730 902 1081 1230 1380 1529 1675 2360 2996 3629 4171 4670 5191 5661 6126 8187
0 0 11 27 54 82 106 138 161 196 227 261 292 563 838 1180 1572 1985 2472 3032 3573 6627
1 1 7 12 40 72 112 157 203 249 299 354 416 721 1086 1495 1923 2372 2843 3312 3854 6860
4 7 45 99 210 330 461 581 711 858 1016 1164 1311 1938 2549 3105 3646 4212 4716 5198 5682 7942
1 2 9 17 43 81 122 177 236 295 366 447 512 877 1287 1735 2231 2724 3270 3838 4358 7170
0 4 15 39 87 144 209 297 371 475 559 648 741 1244 1791 2358 2912 3441 3970 4453 4987 7514
1 3 28 91 209 355 510 686 844 1013 1177 1350 1500 2289 2961 3567 4134 4640 5122 5638 6097 8147
0 0 2 9 32 75 133 203 288 386 466 555 655 1160 1721 2274 2786 3376 3877 4398 4949 7495
5 9 62 122 270 432 592 731 868 1003 1150 1285 1428 2076 2659 3248 3741 4262 4763 5238 5689 7876
3 5 17 33 59 96 132 187 241 289 351 408 484 822 1200 1660 2116 2650 3169 3703 4302 7107
0 1 6 15 42 67 89 131 167 203 251 305 363 693 1055 1453 1889 2343 2853 3366 3897 6908
1 1 8 23 74 120 169 224 300 388 457 539 624 1077 1563 2071 2593 3127 3680 4256 4782 7402
0 2 22 47 107 166 219 285 362 440 535 615 692 1170 1648 2127 2655 3162 3705 4251 4737 7356
3 4 52 127 296 468 633 840 1055 1226 1402 1595 1771 2565 3261 3900 4481 4991 5515 6013 6413 8284
0 1 6 15 30 46 67 93 125 170 209 256 310 614 985 1384 1830 2304 2811 3364 3903 6918
0 1 10 21 64 108 179 227 297 367 448 530 626 1051 1537 2040 2590 3152 3673 4233 4755 7423
21 43 196 356 618 829 1041 1235 1407 1571 1757 1908 2058 2704 3276 3843 4354 4871 5332 5770 6205 8208
1 4 35 89 219 374 525 702 879 1073 1221 1399 1567 2352 3091 3758 4311 4825 5332 5799 6249 8155
0 1 7 14 49 102 145 207 269 350 411 499 584 1021 1489 1983 2535 3085 3634 4154 4677 7353
2 6 43 99 240 380 505 622 754 888 998 1134 1237 1779 2340 2850 3359 3847 4410 4888 5365 7770
0 0 8 23 40 65 93 127 161 202 232 269 326 581 874 1257 1642 2055 2494 2978 3520 6653
0 2 22 58 152 240 350 444 555 643 761 887 1011 1622 2224 2805 3345 3911 4449 4952 5441 7755
0 0 2 5 25 55 86 126 159 200 252 302 356 647 1007 1424 1877 2378 2916 3404 3907 6810
3 3 26 52 146 233 339 443 550 663 766 895 1011 1547 2170 2706 3235 3781 4320 4824 5335 7700
0 2 22 60 152 247 403 539 673 825 979 1103 1245 1898 2549 3165 3729 4270 4783 5277 5746 7979
2 5 25 52 117 194 262 345 440 540 617 710 813 1291 1783 2301 2782 3272 3780 4293 4816 7391
2 5 32 77 164 259 360 477 578 686 816 923 1040 1622 2179 2743 3338 3876 4394 4920 5369 7785
0 1 26 64 174 288 421 552 659 795 931 1067 1219 1838 2439 2977 3544 4055 4536 5009 5495 7827
2 4 32 56 134 209 269 370 467 548 640 722 816 1283 1719 2169 2686 3201 3706 4260 4787 7369
3 4 8 14 37 58 84 126 152 196 237 282 336 622 906 1294 1690 2111 2608 3120 3660 6675
0 0 19 69 150 225 339 449 563 676 768 879 978 1529 2122 2613 3098 3600 4082 4581 5104 7568
0 0 13 38 99 178 242 323 403 491 571 650 742 1187 1670 2182 2682 3166 3706 4241 4759 7414
3 3 23 35 68 113 168 218 281 349 420 476 543 910 1318 1744 2201 2683 3171 3670 4177 6975
26 54 239 471 828 1107 1376 1639 1861 2065 2249 2432 2597 3330 3980 4519 5038 5474 5894 6289 6702 8418
0 0 5 10 39 70 102 140 177 231 279 320 378 683 1009 1417 1851 2327 2854 3389 3879 6816
0 0 6 18 51 87 126 182 232 292 349 421 492 860 1290 1789 2281 2811 3316 3841 4397 7183
3 6 52 118 262 409 556 708 845 972 1111 1251 1358 1958 2528 3041 3513 4016 4498 4977 5464 7818
0 0 3 15 31 45 71 100 134 176 221 258 303 546 849 1212 1629 2083 2615 3147 3686 6656
1 1 10 28 56 97 144 201 249 315 369 427 481 822 1213 1629 2067 2537 3053 3565 4119 6982
1 2 24 43 96 180 257 333 414 512 598 694 789 1288 1796 2296 2799 3313 3805 4338 4838 7473
0 0 7 23 59 99 140 195 248 316 391 469 536 962 1420 1930 2396 2896 3418 3927 4435 7230
3 4 24 53 133 230 340 464 581 706 857 1002 1116 1791 2424 3042 3659 4171 4682 5202 5682 7933
0 0 13 29 83 148 232 303 386 474 580 694 798 1373 1925 2446 3035 3563 4063 4575 5078 7607
4 6 36 84 193 326 460 602 749 879 1017 1161 1308 1997 2671 3324 3929 4456 4960 5467 5929 7987
0 0 13 37 107 164 225 297 378 438 539 623 701 1090 1557 2038 2538 3056 3597 4152 4646 7333
0 1 21 45 108 181 252 330 411 502 594 688 773 1279 1840 2390 2891 3410 3956 4482 4979 7522
0 0 8 25 50 86 128 174 229 291 347 411 475 835 1257 1704 2193 2709 3201 3701 4216 6981
0 0 25 60 122 198 285 378 474 567 657 757 851 1367 1888 2467 3001 3560 4093 4660 5171 7605
3 4 27 61 147 237 333 415 525 643 734 845 942 1424 1947 2502 3046 3577 4096 4601 5119 7585
0 0 6 18 51 79 120 155 200 261 316 371 435 826 1216 1637 2122 2624 3120 3632 4189 7094
0 0 18 44 119 203 260 335 399 469 551 646 737 1201 1690 2183 2663 3194 3688 4197 4691 7321
3 9 88 193 388 560 713 884 1085 1222 1389 1538 1692 2353 2980 3533 4037 4541 5033 5477 5927 7980
11 18 37 71 131 207 272 365 460 546 646 750 845 1306 1840 2364 2871 3374 3882 4373 4866 7447
1 1 10 23 57 97 146 190 261 345 406 482 548 995 1464 1953 2462 2975 3530 4071 4656 7367
0 0 10 22 78 156 245 328 414 518 602 705 804 1396 2014 2605 3174 3695 4243 4790 5288 7715
13 34 224 476 927 1287 1594 1878 2133 2387 2580 2761 2922 3705 4378 4900 5382 5822 6222 6591 6961 8570
1 2 15 31 65 113 163 213 286 359 425 503 579 984 1472 1952 2440 2951 3504 4021 4538 7264
7 18 112 233 455 694 883 1050 1230 1410 1563 1704 1860 2558 3186 3779 4323 4813 5272 5735 6202 8235
0 1 15 41 96 146 214 286 370 443 530 617 688 1124 1589 2077 2606 3070 3555 4095 4615 7301
2 5 45 122 349 542 741 928 1098 1305 1482 1641 1812 2561 3198 3825 4358 4872 5387 5855 6278 8249
5 10 80 157 307 467 622 763 877 1029 1160 1295 1407 2017 2578 3153 3684 4169 4656 5145 5639 7834
0 0 16 38 109 179 256 331 406 488 570 675 756 1219 1679 2199 2679 3211 3747 4261 4770 7404
1 2 18 34 71 117 161 223 285 339 386 451 517 888 1329 1774 2242 2734 3231 3816 4355 7216
0 0 1 9 25 53 90 133 176 228 276 326 382 704 1080 1493 1945 2428 2913 3446 3961 6862
32 54 136 289 500 724 922 1104 1275 1453 1604 1761 1906 2629 3229 3778 4278 4775 5244 5711 6166 8147
1 3 23 50 114 183 304 405 524 649 765 901 1027 1613 2214 2764 3304 3848 4393 4917 5423 7767
0 1 10 22 57 120 194 273 348 424 509 611 679 1122 1594 2114 2641 3160 3710 4246 4755 7387
0 2 12 34 76 131 197 281 352 436 507 597 679 1106 1538 2064 2524 3076 3615 4147 4673 7380
4 11 74 139 277 412 548 678 788 893 1014 1142 1260 1789 2302 2780 3280 3764 4260 4763 5229 7584
8 28 201 396 755 1072 1370 1621 1835 2037 2229 2410 2596 3351 3948 4474 4984 5462 5881 6308 6693 8441
3 8 38 84 151 224 301 369 422 506 560 632 706 1068 1494 1935 2399 2857 3345 3841 4365 7150
0 3 20 50 107 199 282 373 481 578 707 808 930 1521 2133 2725 3294 3859 4391 4886 5390 7820
2 2 6 13 27 51 80 114 149 203 256 305 360 698 1105 1523 1963 2433 2938 3479 4029 6939
2 9 40 80 174 296 439 565 669 792 900 1032 1134 1716 2289 2816 3376 3885 4405 4925 5416 7727
2 4 17 42 99 153 225 314 396 470 557 639 726 1209 1701 2132 2633 3183 3716 4225 4737 7304
0 0 4 13 33 55 81 107 136 172 203 249 303 580 926 1332 1796 2285 2793 3352 3938 6894
13 24 166 330 601 821 1025 1222 1387 1558 1733 1885 2046 2801 3375 3896 4412 4888 5341 5794 6234 8236
14 23 116 208 421 634 828 988 1136 1298 1464 1618 1784 2452 3054 3611 4096 4614 5099 5553 5993 8071
3 7 34 58 133 204 286 353 441 504 602 698 780 1242 1795 2350 2893 3425 3924 4449 4972 7445
2 3 23 59 162 273 409 544 682 811 929 1055 1193 1807 2419 3021 3535 4022 4551 5011 5514 7826
0 1 9 18 54 100 159 223 290 352 424 503 575 1063 1587 2115 2686 3211 3747 4281 4826 7462
0 0 5 10 24 40 67 106 137 183 232 282 330 646 1048 1545 2030 2546 3067 3630 4201 7091
3 3 28 56 112 189 273 364 463 567 673 777 889 1446 2010 2579 3148 3696 4222 4728 5263 7714
0 2 17 34 80 141 183 233 283 353 428 505 563 958 1398 1902 2404 2925 3473 4037 4612 7363
5 10 59 123 256 373 472 579 684 809 954 1069 1180 1708 2270 2795 3306 3826 4305 4841 5332 7660
0 2 14 33 99 174 253 343 452 538 632 738 852 1348 1913 2444 3006 3556 4110 4629 5151 7603
2 3 40 91 232 368 518 663 776 903 1015 1149 1284 1905 2522 3102 3656 4178 4672 5191 5661 7899
0 1 9 49 130 213 316 395 480 585 689 773 869 1368 1834 2293 2745 3250 3733 4253 4763 7346
29 47 182 316 541 705 877 1076 1212 1346 1473 1611 1756 2427 2987 3504 4014 4480 4989 5450 5871 7976
11 23 93 185 343 494 662 812 952 1104 1237 1381 1509 2097 2655 3141 3642 4146 4607 5108 5572 7838
0 1 1 10 38 72 105 137 180 227 277 330 374 625 943 1320 1708 2172 2634 3158 3695 6663
3 5 33 62 153 252 356 462 586 683 794 933 1040 1616 2206 2773 3337 3838 4387 4882 5374 7735
27 50 219 405 705 964 1189 1407 1605 1804 1997 2149 2323 3070 3681 4246 4770 5213 5679 6073 6469 8350
6 10 57 125 258 392 540 673 832 980 1120 1279 1399 2059 2620 3227 3746 4275 4746 5267 5763 7978
0 0 7 14 53 101 171 228 288 354 425 488 550 1015 1470 1937 2446 2957 3466 3993 4529 7228
10 13 57 128 246 381 507 643 765 872 997 1132 1259 1833 2394 2964 3474 3989 4502 5036 5507 7791
1 1 8 27 79 124 185 268 348 426 526 629 709 1201 1758 2303 2850 3408 3981 4532 5061 7683
0 0 4 16 36 58 81 110 139 184 214 262 311 612 965 1347 1766 2170 2631 3182 3720 6718
0 2 9 12 31 62 86 131 158 186 233 276 326 602 932 1327 1722 2212 2683 3212 3732 6740
9 14 107 228 503 758 1002 1203 1412 1623 1823 2004 2175 2973 3669 4235 4762 5293 5744 6180 6537 8358
8 19 90 192 360 505 644 781 939 1066 1191 1300 1428 1987 2546 3056 3570 4079 4580 5087 5524 7775
0 1 4 10 36 67 108 146 180 230 282 330 379 651 1004 1390 1821 2302 2776 3283 3805 6793
3 4 18 36 77 137 190 254 323 369 434 507 595 976 1384 1801 2287 2745 3251 3785 4307 7061
5 9 40 90 193 332 461 585 704 824 947 1060 1182 1774 2309 2903 3415 3898 4399 4907 5383 7733
0 3 45 90 203 331 480 611 758 889 1025 1177 1311 1975 2595 3169 3740 4230 4719 5192 5673 7882
6 10 47 95 188 296 394 501 621 734 835 929 1028 1556 2060 2598 3163 3705 4214 4666 5150 7606
5 7 40 84 197 336 481 614 730 855 974 1089 1230 1851 2406 2987 3501 4024 4512 5007 5512 7761
1 2 5 15 39 72 104 134 175 213 272 329 384 728 1129 1561 2046 2546 3045 3582 4120 6963
1 2 31 81 185 282 411 516 644 765 865 1000 1124 1696 2278 2826 3416 3974 4505 5014 5492 7795
0 0 5 12 36 61 98 159 212 275 340 405 481 879 1307 1814 2318 2841 3370 3901 4463 7252
2 6 31 68 152 260 355 456 564 683 803 940 1058 1630 2236 2814 3418 3952 4459 4961 5471 7813
9 17 83 178 370 573 736 921 1091 1261 1441 1605 1754 2449 3108 3704 4265 4804 5327 5797 6246 8185
0 2 13 32 56 110 148 210 268 341 413 502 562 979 1453 1923 2385 2904 3442 3991 4543 7198
1 4 27 89 192 312 432 559 686 781 912 1034 1171 1761 2327 2871 3395 3924 4442 4971 5437 7786
1 2 18 31 62 114 183 240 305 371 436 519 592 1032 1495 1989 2524 3035 3530 4039 4605 7269
11 15 109 234 466 704 905 1097 1291 1475 1657 1839 1978 2665 3270 3818 4334 4826 5297 5777 6203 8143
1 2 7 19 59 114 194 268 352 441 546 648 760 1327 1965 2604 3203 3760 4297 4788 5323 7694
1 1 5 9 18 29 53 75 99 123 149 184 222 421 641 943 1301 1692 2142 2676 3226 6418
7 14 96 211 450 669 887 1101 1316 1504 1700 1853 2020 2750 3381 3966 4468 4934 5399 5859 6321 8257
3 6 75 175 398 614 803 1009 1221 1427 1613 1771 1948 2752 3412 3941 4494 5029 5486 5890 6277 8215
1 3 33 64 129 228 323 409 498 580 671 764 871 1366 1869 2376 2887 3377 3887 4429 4915 7433
1 1 15 37 98 155 234 319 396 468 560 660 739 1201 1727 2244 2770 3297 3793 4273 4805 7421
0 1 4 7 15 25 42 65 89 120 150 181 215 441 692 995 1314 1707 2178 2644 3167 6362
4 5 35 83 196 319 448 588 719 853 973 1106 1229 1910 2518 3110 3651 4205 4743 5221 5722 7858
1 1 26 67 173 293 432 567 707 837 986 1119 1246 1896 2502 3109 3667 4234 4736 5251 5769 7915
0 0 13 19 46 83 116 166 204 243 286 331 377 657 999 1402 1864 2320 2798 3325 3901 6866
1 2 15 34 104 161 231 315 391 471 567 652 741 1202 1676 2096 2580 3118 3658 4193 4716 7437
1 1 16 39 96 147 206 261 323 385 451 519 577 905 1256 1630 2054 2485 2984 3483 4014 6933
2 2 15 35 84 151 220 304 394 514 613 724 826 1409 2013 2634 3232 3808 4381 4942 5433 7862
2 3 5 10 31 59 79 111 142 186 221 269 304 550 811 1152 1566 1998 2469 2991 3521 6633
3 7 34 66 156 269 358 460 559 666 784 876 994 1603 2181 2743 3293 3851 4394 4892 5387 7787
24 51 213 394 707 930 1142 1338 1510 1679 1854 2013 2149 2896 3458 3983 4480 4913 5319 5734 6137 8124
22 48 163 294 533 752 929 1105 1249 1393 1546 1677 1808 2445 3015 3538 4013 4502 4973 5391 5828 7973
0 1 8 28 81 134 201 269 326 384 458 518 592 1000 1430 1879 2336 2803 3305 3820 4366 7151
39 89 443 762 1218 1610 1951 2234 2517 2749 2971 3179 3356 4138 4738 5304 5766 6172 6541 6898 7238 8681
177 273 716 1078 1556 1886 2167 2433 2660 2852 3014 3196 3345 4024 4557 5030 5487 5903 6287 6698 7038 8579
0 1 12 26 89 158 237 315 391 473 564 648 743 1244 1809 2341 2942 3519 4109 4667 5203 7702
1 2 9 21 62 92 131 180 230 286 349 411 467 795 1187 1600 2025 2500 2987 3531 4067 6962
0 1 3 7 23 38 62 84 120 153 190 221 266 502 783 1102 1414 1804 2267 2763 3293 6395
26 58 315 574 1008 1338 1667 1964 2208 2444 2661 2864 3053 3893 4536 5079 5552 5981 6379 6734 7128 8619
0 1 5 13 50 79 115 166 215 270 338 391 448 825 1202 1635 2111 2622 3128 3682 4204 7004
43 76 277 493 827 1079 1347 1566 1771 1947 2128 2294 2458 3229 3854 4385 4862 5343 5757 6193 6610 8423
0 4 38 88 196 319 442 593 745 873 1054 1197 1333 2068 2780 3423 4022 4550 5057 5563 6022 8082
0 6 19 41 96 144 189 229 281 336 386 439 509 800 1133 1534 1965 2420 2842 3408 3958 6826
0 1 6 18 49 99 158 221 279 337 392 468 548 966 1413 1886 2381 2877 3402 3951 4496 7254
0 0 2 7 23 40 53 77 105 130 164 220 264 526 829 1231 1673 2127 2626 3145 3708 6702
3 7 41 111 241 382 527 669 807 941 1099 1243 1381 2049 2706 3243 3778 4315 4829 5297 5745 7940
0 2 11 21 70 128 188 262 338 425 504 587 672 1165 1710 2258 2758 3299 3811 4303 4873 7452
0 1 9 25 59 98 150 199 271 330 403 467 533 955 1379 1834 2294 2800 3299 3814 4337 7127
1 1 7 23 53 83 124 169 209 261 325 384 456 846 1251 1770 2260 2757 3246 3784 4298 7035
0 0 0 2 12 27 41 67 84 110 126 154 182 353 564 849 1161 1567 2027 2527 3085 6297
1 1 12 31 74 137 218 299 394 478 569 660 759 1235 1697 2181 2699 3254 3781 4310 4846 7404
0 1 6 16 34 54 82 106 139 176 209 244 292 589 977 1437 1938 2481 3019 3621 4195 7140
5 11 52 116 222 337 455 599 740 880 1005 1117 1249 1885 2479 3012 3520 4060 4531 5055 5503 7811
0 0 2 6 18 33 60 78 110 135 167 206 236 484 787 1138 1567 2018 2502 3011 3575 6682
0 1 9 24 70 111 145 199 245 324 394 487 556 987 1452 1991 2515 3045 3545 4093 4657 7376
0 0 4 16 39 61 106 147 176 219 265 328 393 730 1152 1617 2105 2608 3161 3745 4308 7143
15 29 113 213 411 610 814 997 1164 1336 1480 1652 1809 2526 3186 3754 4273 4762 5254 5691 6135 8201
0 0 18 38 99 165 218 281 364 435 504 583 669 1154 1643 2152 2697 3204 3748 4239 4731 7375
0 0 11 24 54 106 150 202 250 307 363 423 465 789 1156 1553 1964 2411 2909 3421 3940 6884
1 1 10 28 77 138 197 253 318 395 471 570 650 1076 1518 1977 2486 3010 3522 4054 4593 7298
1 1 25 54 132 218 301 378 459 561 652 762 857 1373 1913 2462 2998 3522 4023 4491 4999 7496
1 8 88 211 447 710 935 1129 1320 1494 1680 1842 2013 2757 3346 3945 4472 4948 5394 5798 6223 8181
0 0 18 37 85 133 179 240 319 404 495 586 676 1166 1646 2159 2673 3224 3762 4281 4855 7433
0 1 18 59 148 245 331 444 549 630 721 837 940 1508 2027 2521 3068 3601 4066 4575 5074 7551
0 0 12 27 80 142 207 295 385 482 583 663 767 1283 1755 2296 2803 3319 3831 4325 4857 7478
1 4 34 60 127 219 313 408 499 608 720 816 925 1429 1957 2463 3012 3502 3967 4494 5066 7509
2 2 12 16 32 43 74 103 128 158 189 232 273 533 828 1152 1548 1976 2446 2940 3469 6564
6 16 83 178 391 611 814 992 1169 1343 1525 1687 1851 2538 3166 3747 4246 4788 5294 5774 6241 8198
1 1 4 7 22 48 75 99 127 156 194 237 279 532 859 1272 1677 2134 2603 3157 3754 6803
2 3 21 48 129 219 320 409 530 634 754 857 963 1545 2134 2706 3316 3928 4525 5063 5543 7830
4 6 22 46 83 139 196 257 309 369 445 509 589 1026 1492 1958 2424 2924 3471 4005 4552 7238
1 1 4 16 36 74 116 173 228 292 354 429 511 917 1377 1891 2414 2934 3457 3982 4555 7242
0 1 8 15 41 76 110 156 207 262 314 378 440 790 1211 1689 2213 2715 3232 3822 4387 7169
4 11 51 108 251 405 528 686 827 974 1110 1245 1364 2015 2626 3186 3755 4278 4765 5280 5754 7884
0 1 10 16 40 75 109 153 211 260 305 364 416 745 1080 1505 1896 2329 2778 3317 3861 6707
0 2 11 29 84 148 226 298 369 461 534 624 696 1158 1671 2202 2687 3135 3681 4210 4747 7303
2 10 58 128 286 446 578 742 920 1078 1199 1326 1451 2071 2635 3221 3772 4285 4781 5274 5717 7931
1 1 4 18 29 56 88 110 150 167 203 247 300 587 939 1357 1793 2300 2821 3429 4007 6969
1 1 19 64 180 274 395 536 673 811 948 1085 1216 1845 2482 3042 3630 4187 4754 5249 5779 7949
4 9 34 57 113 168 225 287 361 425 506 591 656 1085 1534 2051 2581 3104 3638 4149 4669 7392
5 6 29 72 156 248 364 495 611 736 879 994 1104 1750 2377 2959 3535 4131 4656 5149 5661 7923
0 0 8 20 60 101 158 200 253 308 379 461 529 924 1355 1873 2391 2956 3492 4033 4541 7299
2 4 56 131 315 494 706 890 1062 1254 1445 1623 1767 2526 3198 3774 4341 4847 5314 5763 6209 8166
1 5 54 136 319 505 682 866 1043 1223 1397 1545 1676 2404 3002 3613 4108 4603 5105 5532 5975 8081
7 19 112 223 457 647 873 1103 1306 1498 1668 1856 2020 2769 3414 3989 4564 5055 5520 5938 6356 8192
6 11 65 133 264 412 568 724 885 1037 1202 1354 1498 2178 2790 3392 3959 4514 5021 5503 5952 8044
0 2 23 63 133 230 333 413 510 598 701 789 884 1336 1783 2278 2771 3295 3845 4329 4808 7399
0 0 14 39 95 144 219 296 364 450 517 604 682 1132 1597 2031 2510 3023 3530 4055 4553 7282
1 1 14 28 74 133 198 271 326 409 479 543 603 1021 1444 1880 2317 2809 3306 3817 4299 7063
0 1 4 18 55 108 173 250 338 424 505 579 694 1268 1864 2448 3015 3610 4158 4690 5195 7744
1 3 23 59 144 255 362 482 591 721 827 940 1088 1714 2304 2863 3420 3960 4494 4990 5439 7822
1 3 21 45 111 186 246 311 377 484 572 659 732 1217 1716 2256 2780 3320 3808 4294 4810 7456
2 2 6 16 31 65 89 119 158 204 243 297 344 651 1011 1424 1855 2336 2858 3375 3933 6882
8 15 61 117 265 423 573 747 888 1015 1147 1281 1446 2127 2791 3384 3974 4510 5012 5483 5941 8116
14 33 166 312 583 842 1073 1280 1469 1652 1826 1970 2117 2841 3462 4019 4570 5036 5488 5948 6327 8213
0 2 8 24 52 106 145 223 276 324 395 473 541 929 1321 1779 2239 2731 3262 3786 4307 7196
0 1 10 20 30 56 94 129 176 215 263 330 388 735 1145 1612 2121 2670 3229 3794 4347 7167
3 6 77 138 298 450 622 795 945 1101 1272 1425 1585 2305 2983 3590 4172 4677 5181 5650 6063 8116
1 1 4 17 53 90 131 178 218 274 323 362 417 683 994 1335 1717 2146 2586 3079 3608 6582
1 2 18 39 95 150 219 285 345 419 493 553 632 983 1364 1752 2184 2601 3074 3559 4076 6896
28 53 157 252 414 548 683 801 934 1062 1182 1295 1402 1930 2495 3002 3520 4009 4484 4906 5383 7743
2 3 12 49 96 158 200 274 332 396 467 534 613 981 1378 1844 2300 2773 3247 3720 4233 7007
13 21 93 182 347 515 684 839 987 1143 1275 1403 1542 2201 2807 3377 3951 4476 4932 5404 5858 7993
0 0 2 10 20 39 70 106 149 211 260 315 378 728 1112 1561 2070 2597 3124 3672 4261 7167
1 2 9 23 76 143 209 290 357 427 519 612 693 1119 1561 2033 2541 3082 3552 4078 4609 7296
2 3 54 120 263 405 537 670 820 948 1077 1236 1372 1998 2597 3200 3758 4253 4759 5240 5738 7887
3 5 43 109 241 404 555 675 784 910 1037 1156 1255 1796 2308 2851 3347 3832 4301 4768 5251 7626
9 22 126 267 557 837 1119 1372 1609 1808 1988 2169 2320 3124 3753 4345 4840 5322 5765 6192 6600 8386
0 1 2 11 42 87 130 182 243 308 387 470 552 1000 1476 1989 2460 3014 3500 4047 4592 7285
1 1 11 21 61 94 155 220 277 341 419 485 562 933 1349 1841 2303 2800 3309 3853 4378 7093
0 0 3 8 21 43 67 104 134 175 216 266 304 590 939 1316 1800 2295 2811 3364 3941 6848
0 0 6 19 39 74 107 144 194 252 293 350 406 734 1119 1528 1976 2438 2920 3467 3968 6849
0 1 6 21 65 109 184 255 324 437 531 623 724 1223 1742 2245 2792 3331 3864 4420 4939 7510
0 0 0 4 17 39 56 81 105 126 154 184 225 477 800 1189 1642 2114 2612 3132 3688 6685
6 12 50 99 219 342 471 591 705 825 946 1061 1174 1700 2248 2838 3384 3910 4447 4980 5446 7789
20 27 86 152 306 445 579 746 912 1058 1213 1382 1498 2138 2773 3369 3875 4382 4860 5338 5787 7978
0 0 6 19 48 78 112 155 206 260 331 392 447 764 1164 1578 2035 2514 3016 3538 4053 6986
16 43 193 340 602 803 1004 1164 1336 1483 1615 1762 1942 2569 3159 3745 4263 4760 5224 5659 6098 8143
16 34 152 308 569 809 1032 1241 1444 1634 1827 1997 2131 2860 3488 4061 4591 5074 5554 6006 6437 8259
2 3 13 30 61 99 130 163 212 259 300 349 404 702 1012 1411 1836 2315 2818 3383 3875 6834
2 5 26 62 138 215 301 381 481 565 666 751 864 1372 1864 2373 2899 3411 3914 4422 4990 7571
7 10 51 106 257 436 595 776 935 1072 1236 1400 1550 2265 2923 3489 4019 4582 5068 5520 5978 8045
4 9 43 108 230 366 515 644 771 884 1008 1126 1229 1805 2387 2951 3499 4039 4596 5090 5565 7774
7 11 70 156 320 475 660 826 1004 1186 1359 1509 1646 2412 3086 3677 4203 4693 5195 5656 6053 8120
10 13 40 65 103 153 204 258 319 376 439 509 581 958 1372 1845 2322 2830 3325 3852 4365 7162
0 0 2 10 31 55 80 114 137 161 188 221 255 516 812 1142 1512 1947 2404 2939 3484 6575
0 4 26 65 149 238 332 427 526 637 742 843 934 1434 1959 2491 3036 3543 4093 4582 5076 7542
0 1 10 36 109 204 295 367 457 549 644 750 838 1341 1864 2386 2906 3430 3972 4473 4985 7562
0 0 22 54 123 232 328 455 582 722 845 983 1114 1690 2324 2894 3496 4047 4534 5082 5592 7853
0 0 4 15 37 63 114 161 211 254 302 357 419 716 1128 1518 1996 2469 3022 3561 4126 7019
21 36 162 333 634 881 1138 1356 1582 1762 1964 2151 2305 3081 3718 4273 4790 5260 5693 6116 6503 8285
6 12 63 106 233 342 459 579 713 838 955 1101 1233 1843 2414 2973 3498 4028 4564 5061 5566 7894
0 0 6 10 30 54 80 111 134 159 196 238 281 542 884 1265 1707 2216 2767 3342 3926 6928
0 2 20 59 148 270 411 539 691 849 1000 1164 1313 2023 2696 3314 3891 4426 4945 5432 5937 8063
0 0 16 43 106 170 250 337 432 520 594 685 811 1314 1837 2369 2905 3457 4034 4560 5067 7577
0 1 3 11 27 50 94 136 190 249 305 379 448 842 1264 1693 2128 2603 3157 3629 4190 7027
1 2 19 37 76 146 217 280 347 422 498 590 662 1087 1573 2017 2488 2957 3474 3959 4453 7236
0 3 14 36 110 189 278 393 484 589 690 786 898 1463 2001 2559 3063 3570 4090 4608 5118 7566
10 24 125 239 476 713 969 1150 1348 1559 1733 1931 2097 2810 3460 4065 4596 5079 5555 5995 6390 8268
2 5 22 63 123 202 283 369 450 537 635 740 836 1326 1833 2360 2824 3340 3834 4351 4889 7494
0 0 11 23 52 91 134 191 245 302 372 440 494 875 1304 1772 2257 2821 3353 3889 4412 7252
3 4 54 113 240 366 506 614 749 881 994 1112 1243 1840 2410 2974 3535 4065 4566 5039 5572 7931
2 2 12 34 83 132 190 252 310 386 466 553 633 1032 1541 2020 2572 3129 3665 4143 4673 7324
1 6 55 110 248 403 577 736 889 1054 1198 1329 1495 2189 2854 3437 3997 4525 5038 5534 6012 8036
0 0 2 15 36 62 98 151 206 263 311 369 440 795 1238 1743 2261 2787 3311 3857 4416 7202
0 0 4 8 30 48 84 116 155 207 249 306 346 636 970 1368 1794 2250 2736 3242 3852 6847
1 1 19 35 113 184 262 350 434 523 608 699 793 1303 1778 2273 2804 3311 3850 4384 4871 7370
0 0 1 5 23 40 59 84 115 149 182 228 264 492 783 1123 1554 2032 2532 3075 3601 6731
8 16 95 196 387 558 742 899 1052 1205 1356 1492 1631 2283 2945 3491 4041 4565 5034 5476 5961 8100
4 10 65 123 251 391 510 634 752 870 987 1096 1223 1770 2306 2820 3354 3833 4327 4827 5308 7685
2 5 25 70 161 284 434 580 735 876 1004 1157 1293 2004 2638 3275 3850 4383 4901 5402 5885 8031
2 2 9 29 62 92 135 199 281 367 461 538 646 1160 1688 2219 2729 3286 3801 4322 4840 7425
5 11 49 121 236 347 461 574 690 804 906 1010 1117 1642 2146 2639 3111 3593 4073 4610 5074 7564
10 15 79 148 274 396 513 640 767 880 1004 1118 1218 1785 2400 2936 3500 3999 4495 4983 5466 7775
0 0 6 14 45 81 124 184 251 311 377 444 521 944 1402 1865 2369 2911 3456 3990 4531 7255
0 1 13 29 62 124 173 228 291 363 454 531 599 1026 1486 1922 2413 2898 3419 3913 4371 7098
0 0 3 11 30 71 116 155 209 267 318 379 439 807 1276 1801 2295 2821 3341 3869 4441 7183
0 0 21 35 97 169 238 327 430 516 601 720 821 1319 1876 2415 2925 3435 3935 4504 5026 7567
3 5 23 55 137 221 315 407 513 623 731 848 966 1665 2353 2989 3599 4193 4739 5290 5805 8010
2 4 16 37 111 185 287 363 456 544 659 758 854 1375 1902 2403 2977 3486 4020 4533 5064 7561
7 14 72 136 284 408 532 649 771 880 1001 1119 1242 1848 2426 2991 3527 4031 4503 5000 5509 7789
1 2 7 18 50 92 144 204 264 316 394 459 528 903 1308 1788 2264 2739 3215 3777 4329 7061
4 8 47 113 261 421 571 713 858 978 1104 1213 1326 1937 2484 3021 3546 4039 4518 4981 5448 7803
1 1 11 34 82 149 226 305 382 464 550 636 734 1284 1845 2407 2992 3530 4019 4557 5096 7649
10 19 90 175 302 452 594 737 886 1021 1144 1273 1413 2021 2600 3163 3665 4189 4683 5155 5598 7808
7 17 71 143 281 423 600 756 890 1021 1159 1290 1392 2050 2742 3311 3853 4428 4960 5436 5926 7985
0 1 10 29 60 99 138 187 234 305 357 430 504 907 1395 1938 2482 3006 3557 4102 4666 7411
0 3 18 55 113 204 291 399 489 590 704 801 938 1526 2088 2675 3250 3831 4363 4897 5412 7747
1 1 15 40 85 133 212 295 370 446 523 603 701 1166 1646 2149 2674 3192 3734 4260 4779 7379
1 3 14 43 89 131 183 233 300 372 436 523 604 1054 1562 2048 2580 3123 3696 4245 4817 7454
2 4 26 67 153 246 362 471 601 716 844 965 1083 1669 2274 2844 3390 3930 4463 4975 5486 7807
1 2 10 20 56 96 140 195 250 297 358 428 491 859 1313 1770 2269 2769 3307 3810 4385 7225
302 460 1131 1566 2151 2567 2861 3156 3374 3592 3785 3942 4095 4766 5300 5806 6219 6562 6913 7213 7493 8828
1 4 32 86 219 358 521 679 861 1037 1187 1357 1515 2241 2960 3612 4183 4735 5236 5735 6171 8175
2 2 14 47 113 204 299 398 495 585 685 781 890 1419 1952 2482 3029 3563 4082 4566 5110 7601
1 1 7 13 47 82 122 174 236 304 371 451 534 941 1413 1884 2379 2883 3408 3924 4451 7188
3 5 29 60 133 238 322 417 515 604 711 817 938 1486 2008 2570 3142 3680 4213 4727 5250 7683
2 4 42 108 242 382 533 681 804 950 1099 1236 1366 2020 2713 3341 3894 4438 4929 5415 5869 8002
17 31 162 293 529 751 975 1150 1324 1491 1650 1819 1947 2680 3303 3895 4399 4908 5330 5804 6230 8162
1 1 5 15 42 68 108 139 184 226 278 328 378 679 1047 1489 1910 2388 2852 3379 3957 6920
1 2 13 28 50 84 145 198 234 287 341 405 476 849 1255 1677 2176 2656 3197 3701 4234 7095
0 0 15 33 90 141 186 254 323 387 452 506 578 941 1370 1815 2236 2714 3193 3678 4240 7059
2 6 48 94 202 313 424 531 648 764 874 980 1090 1592 2131 2659 3178 3684 4205 4709 5220 7619
1 3 17 41 92 142 206 267 332 399 462 561 616 1017 1452 1949 2423 2930 3462 4009 4505 7268
1 2 26 65 158 251 332 446 549 649 752 865 982 1489 2013 2544 3078 3629 4116 4626 5150 7602
0 3 32 78 165 243 342 436 544 633 751 855 957 1501 1984 2466 2976 3513 4002 4481 4992 7533
3 4 32 62 157 226 311 389 483 562 655 759 848 1302 1775 2281 2788 3295 3792 4317 4882 7434
18 34 160 312 614 886 1164 1383 1615 1830 2035 2221 2406 3214 3879 4448 4969 5462 5892 6292 6698 8431
1 3 19 59 122 174 247 325 409 496 584 660 741 1187 1646 2115 2562 3029 3547 4077 4612 7232
0 1 4 16 49 84 124 183 254 307 362 426 505 909 1306 1775 2255 2792 3310 3875 4453 7292
1 2 8 20 59 106 149 203 279 337 407 480 571 1007 1540 2096 2617 3178 3707 4231 4787 7443
1 4 16 32 83 132 198 260 336 405 482 557 631 1050 1485 2004 2481 3019 3531 4040 4588 7293
0 1 21 66 145 254 359 462 560 670 792 912 1036 1675 2291 2815 3391 3928 4427 4923 5437 7779
0 0 11 27 64 95 130 177 237 287 337 388 450 806 1216 1684 2208 2733 3258 3787 4302 7082
2 4 28 45 108 162 225 307 372 433 515 591 664 1086 1511 1980 2480 3001 3548 4089 4608 7335
8 13 65 131 263 399 527 640 769 891 1032 1192 1326 1996 2637 3226 3768 4277 4759 5243 5729 7949
15 24 102 175 317 480 618 741 881 1030 1168 1299 1445 2112 2784 3406 3968 4514 5009 5469 5912 8037
4 5 17 40 79 123 162 198 249 284 337 387 439 725 1109 1507 1946 2447 2967 3520 4049 7005
0 2 16 39 74 131 186 255 312 384 463 548 620 1023 1513 2024 2515 3042 3556 4083 4612 7362
4 7 29 63 138 216 284 370 449 532 601 685 772 1177 1621 2097 2540 3026 3546 4098 4613 7312
3 5 33 67 127 229 320 435 533 681 819 956 1097 1824 2622 3348 3975 4545 5069 5578 6075 8111
8 17 96 198 407 603 790 946 1097 1279 1443 1587 1734 2397 2977 3541 4085 4607 5074 5534 5974 7971
11 14 55 91 159 231 312 406 484 557 652 749 825 1262 1740 2281 2790 3267 3722 4213 4707 7378
0 0 9 20 58 87 127 188 237 308 371 428 494 894 1313 1760 2207 2702 3243 3741 4303 7104
0 2 22 57 133 213 301 380 476 575 689 819 921 1500 2083 2678 3207 3736 4269 4762 5287 7670
0 0 3 13 43 96 145 194 258 316 380 459 531 951 1425 1957 2454 3011 3529 4046 4572 7343
4 15 76 160 326 465 635 772 941 1066 1210 1345 1485 2102 2679 3253 3780 4321 4821 5307 5764 7963
1 4 39 112 246 396 535 675 798 951 1090 1229 1359 2028 2677 3277 3850 4408 4909 5362 5808 8025
1 7 61 123 274 425 587 750 922 1097 1281 1449 1622 2385 3081 3705 4276 4779 5296 5744 6181 8146
3 4 12 29 69 107 157 201 255 336 397 464 526 958 1417 1884 2361 2902 3415 3947 4507 7290
1 5 25 59 136 237 345 472 580 707 809 925 1060 1706 2303 2875 3479 4023 4502 4998 5510 7796
1 1 2 8 13 24 37 52 70 92 118 145 177 332 554 820 1115 1481 1916 2426 2930 6154
1 1 6 9 27 49 69 94 129 164 208 257 297 567 860 1227 1635 2063 2529 3013 3540 6578
0 1 10 24 82 161 226 301 382 461 552 665 751 1243 1739 2236 2773 3286 3829 4360 4858 7406
0 1 8 16 45 72 105 139 176 215 246 295 342 619 921 1289 1693 2139 2656 3147 3682 6651
0 0 13 31 71 124 177 228 280 359 414 484 572 925 1324 1792 2270 2777 3275 3818 4387 7141
0 1 11 26 65 109 151 212 266 313 371 431 498 835 1215 1674 2110 2609 3128 3620 4125 6961
0 0 1 5 24 46 64 88 133 168 224 273 327 674 1044 1459 1953 2494 3023 3561 4135 7063
0 0 2 6 20 38 61 89 123 168 209 248 299 564 886 1264 1706 2199 2727 3286 3823 6785
0 1 8 13 30 57 94 133 184 247 293 348 409 748 1158 1609 2037 2539 3051 3558 4113 7055
0 4 59 130 253 397 547 681 807 952 1077 1184 1319 1951 2544 3094 3622 4146 4613 5102 5562 7804
0 9 61 130 279 442 605 736 911 1048 1203 1358 1503 2157 2819 3401 3959 4499 4995 5475 5899 7980
2 3 17 54 130 216 306 423 543 666 790 893 1009 1624 2196 2749 3299 3829 4334 4838 5367 7799
0 0 5 16 48 89 130 155 189 229 277 321 379 653 1017 1405 1862 2362 2862 3398 3947 6904
5 8 44 108 260 426 592 747 898 1031 1177 1317 1463 2070 2663 3244 3771 4285 4777 5266 5778 7997
2 7 63 139 286 432 603 745 875 1027 1138 1260 1408 2017 2595 3127 3680 4186 4717 5189 5675 7899
0 1 15 31 92 161 234 309 386 479 566 668 752 1287 1782 2309 2856 3412 3928 4415 4910 7473
0 1 17 45 107 176 262 346 438 521 620 711 808 1379 1904 2496 3028 3557 4079 4665 5171 7641
0 1 8 23 65 122 166 225 280 345 395 452 509 886 1317 1766 2258 2721 3278 3810 4363 7138
0 1 33 116 259 439 608 770 940 1094 1242 1392 1541 2261 2899 3474 4052 4560 5094 5598 6074 8123
5 11 58 121 222 350 467 606 730 857 973 1086 1202 1761 2293 2783 3302 3813 4319 4848 5337 7691
4 10 80 191 473 736 1008 1235 1468 1690 1898 2121 2335 3158 3824 4439 4964 5463 5910 6326 6693 8374
0 3 11 24 80 131 198 267 348 441 528 617 706 1135 1656 2201 2722 3262 3807 4313 4853 7475
1 2 19 39 92 148 224 288 376 441 522 617 718 1152 1599 2068 2590 3093 3553 4053 4560 7277
7 11 44 69 118 167 227 299 363 437 511 592 666 1066 1511 2015 2505 2999 3525 4063 4624 7306
1 6 60 138 295 446 570 709 855 1000 1136 1273 1431 2082 2658 3195 3736 4268 4758 5247 5739 7928
0 0 0 2 17 41 56 86 116 151 189 232 270 523 833 1178 1627 2094 2636 3122 3698 6734
0 2 11 21 55 92 134 199 268 322 383 442 519 884 1309 1765 2273 2770 3293 3842 4390 7202
6 13 61 128 240 358 458 582 705 841 944 1040 1154 1691 2267 2770 3290 3766 4241 4736 5249 7607
1 7 42 101 243 397 559 712 877 1034 1184 1327 1475 2149 2813 3344 3897 4422 4900 5374 5859 8007
0 2 4 16 45 71 109 152 204 249 336 413 485 822 1237 1728 2217 2744 3253 3844 4379 7183
2 7 39 73 143 214 276 350 414 482 555 633 703 1074 1507 1967 2405 2888 3392 3884 4440 7166
3 7 38 82 164 254 341 446 528 605 688 804 902 1375 1844 2349 2823 3297 3788 4312 4810 7431
2 5 33 51 113 178 258 315 393 482 549 625 709 1140 1555 2042 2553 3083 3623 4148 4702 7308
4 11 71 160 313 499 673 845 1002 1156 1294 1442 1611 2271 2951 3528 4059 4611 5103 5532 6016 8099
0 2 4 11 30 50 72 99 131 166 202 235 271 561 869 1251 1730 2197 2689 3235 3796 6773
5 12 72 145 302 434 595 757 926 1049 1190 1326 1457 2105 2676 3250 3746 4271 4779 5248 5741 7890
6 13 59 131 255 425 576 721 863 1002 1135 1272 1425 2153 2769 3369 3939 4462 4996 5459 5928 8025
0 0 2 19 48 95 139 188 254 312 357 424 488 791 1185 1607 2059 2506 2950 3463 4000 6912
7 17 50 121 252 366 504 628 754 866 983 1116 1224 1785 2339 2892 3404 3926 4447 4916 5425 7774
0 0 5 11 30 52 75 119 160 208 260 312 365 736 1157 1697 2235 2758 3315 3905 4509 7347
4 4 8 16 28 51 67 85 111 135 165 199 249 500 798 1135 1518 1928 2413 2931 3479 6513
0 1 6 16 53 97 155 216 290 377 470 539 629 1125 1687 2236 2790 3347 3879 4383 4895 7517
1 1 4 10 27 49 74 100 127 166 199 233 265 527 862 1254 1678 2148 2679 3196 3788 6741
3 6 22 52 106 167 231 310 394 462 539 606 684 1100 1580 2040 2497 3028 3510 4019 4515 7209
4 7 37 59 117 199 303 400 500 608 708 805 908 1476 2059 2645 3228 3733 4275 4827 5345 7794
1 1 6 20 48 90 137 189 253 313 387 452 522 895 1272 1702 2180 2695 3198 3725 4295 7203
1 3 7 19 56 95 148 190 242 292 354 418 471 838 1280 1714 2149 2602 3116 3646 4205 7039
8 15 85 151 289 433 579 714 847 971 1098 1231 1354 1983 2585 3184 3723 4221 4700 5187 5681 7944
21 42 222 442 818 1129 1367 1612 1828 2033 2200 2381 2534 3215 3828 4376 4906 5391 5853 6265 6667 8376
3 4 31 85 204 346 470 601 714 842 966 1085 1206 1814 2413 2946 3462 3936 4430 4900 5385 7713
3 4 16 41 94 164 236 327 391 478 574 641 723 1130 1584 2084 2548 3047 3571 4111 4656 7294
3 5 18 46 98 145 213 276 332 394 458 529 611 999 1444 1881 2401 2866 3396 3900 4399 7164
0 2 15 35 117 203 293 387 465 559 666 769 850 1341 1862 2355 2849 3346 3845 4347 4831 7440
5 6 15 41 89 148 197 255 329 403 464 534 624 1057 1520 2037 2534 3037 3514 4099 4650 7373
2 2 11 27 68 106 155 209 260 325 387 436 507 860 1257 1695 2152 2670 3212 3720 4249 7048
89 154 476 747 1162 1469 1730 1957 2176 2365 2540 2706 2881 3578 4171 4656 5142 5570 5985 6354 6731 8434
96 161 434 656 996 1257 1488 1684 1884 2056 2210 2368 2530 3174 3763 4282 4766 5203 5666 6091 6472 8280
0 0 3 14 38 78 118 163 207 265 332 398 470 904 1319 1778 2249 2730 3236 3786 4351 7208
10 14 67 124 240 359 490 605 742 882 998 1126 1254 1838 2381 2935 3488 3978 4474 4987 5479 7777
0 0 6 15 33 66 109 142 182 218 271 306 353 642 970 1328 1746 2207 2711 3241 3815 6839
6 13 101 198 407 572 768 947 1112 1276 1449 1628 1769 2429 3030 3636 4170 4667 5153 5598 6052 8083
2 2 21 45 110 185 275 365 453 553 648 741 833 1361 1863 2401 2934 3458 3942 4463 4972 7458
0 0 3 11 33 60 90 123 160 205 258 300 357 666 983 1413 1854 2292 2780 3298 3824 6797
4 16 124 270 544 780 991 1190 1354 1519 1710 1882 2044 2815 3415 3966 4478 4959 5440 5872 6286 8173
0 2 42 98 234 356 493 641 793 923 1058 1188 1338 1965 2527 3068 3602 4135 4654 5164 5632 7860
5 7 34 88 194 325 453 591 704 829 953 1065 1193 1764 2304 2854 3384 3909 4429 4921 5402 7766
1 1 18 47 106 155 229 294 381 453 538 621 709 1140 1618 2089 2593 3079 3639 4182 4720 7414
16 35 166 304 481 682 844 1007 1182 1298 1441 1567 1713 2320 2853 3401 3889 4372 4853 5308 5783 7966
1 2 26 60 150 260 357 465 592 712 836 954 1089 1681 2253 2838 3324 3873 4386 4840 5377 7750
5 7 39 73 144 231 313 393 474 554 640 736 832 1286 1728 2206 2690 3223 3704 4163 4642 7302
0 2 17 37 102 170 260 348 447 526 620 734 838 1349 1915 2421 2926 3457 4003 4523 5056 7555
0 0 24 67 163 264 372 493 604 711 815 927 1046 1682 2249 2844 3444 3989 4516 5027 5550 7846
3 3 27 62 138 213 313 404 523 634 765 876 989 1610 2275 2904 3513 4074 4603 5099 5629 7894
6 9 34 67 149 246 325 403 476 564 656 743 825 1280 1757 2249 2774 3259 3761 4272 4774 7375
1 2 14 36 79 118 175 229 301 387 456 531 622 1048 1509 1993 2490 3024 3513 4080 4619 7353
0 3 40 89 175 281 385 492 601 718 843 960 1065 1657 2197 2760 3278 3768 4295 4774 5284 7646
5 14 53 86 161 257 338 426 517 597 705 791 879 1358 1829 2299 2827 3334 3847 4339 4853 7412
10 20 81 153 303 454 587 711 867 1002 1154 1268 1394 1996 2590 3123 3658 4176 4668 5155 5610 7799
0 0 0 3 21 43 72 114 147 191 224 275 324 616 940 1352 1806 2299 2836 3339 3911 6872
2 4 27 64 154 245 355 458 564 687 792 905 1007 1579 2205 2812 3367 3891 4491 4993 5488 7847
0 1 11 29 93 148 209 282 336 420 513 603 681 1135 1652 2184 2718 3232 3753 4259 4800 7352
8 25 155 358 696 1050 1353 1631 1881 2116 2301 2499 2679 3473 4149 4737 5243 5711 6112 6512 6895 8475
5 10 50 115 224 347 458 602 724 847 968 1087 1215 1842 2449 2991 3500 4008 4491 4965 5473 7772
3 6 36 100 258 405 565 702 848 1006 1138 1296 1443 2184 2846 3446 4000 4540 5046 5539 6006 8163
147 231 623 949 1400 1748 2042 2284 2512 2695 2892 3080 3237 3935 4471 4937 5412 5836 6207 6583 6923 8511
0 0 6 14 39 75 112 160 211 255 304 356 419 726 1105 1492 1945 2460 2971 3493 4038 6966
1 2 12 29 60 92 143 189 245 304 360 427 500 853 1252 1656 2119 2638 3133 3670 4184 7001
1 3 19 58 138 224 329 447 558 668 768 868 967 1521 2050 2610 3107 3645 4179 4668 5222 7656
12 23 118 236 467 667 866 1085 1268 1447 1599 1738 1897 2556 3200 3755 4280 4741 5216 5662 6135 8165
1 1 18 51 135 224 303 382 478 580 685 783 874 1372 1840 2329 2871 3397 3898 4376 4855 7427
0 0 4 8 51 104 174 268 363 451 524 622 751 1362 2012 2642 3253 3814 4332 4874 5365 7707
8 11 46 85 187 264 371 481 583 677 764 867 972 1464 1972 2441 2923 3431 3943 4415 4950 7485
5 18 71 131 228 318 394 496 571 660 742 835 929 1407 1897 2402 2906 3388 3900 4424 4921 7543
0 0 3 12 25 32 46 72 103 129 157 192 222 432 687 1048 1424 1869 2360 2926 3512 6593
2 3 17 50 108 176 247 312 374 450 515 612 687 1100 1543 1993 2482 2976 3459 4002 4518 7179
5 8 36 75 173 268 407 532 659 795 912 1006 1142 1737 2304 2854 3405 3922 4472 4946 5412 7740
0 0 5 11 33 50 83 114 139 166 211 249 291 566 846 1207 1576 2013 2511 3019 3548 6528
2 2 9 19 54 111 171 238 311 379 432 482 565 952 1387 1899 2408 2930 3451 3982 4543 7349
0 0 5 10 28 50 66 90 117 156 197 236 290 515 789 1117 1509 1912 2407 2900 3472 6542
1 1 11 23 61 98 137 184 230 283 346 413 471 830 1230 1717 2216 2714 3202 3721 4234 7068
1 2 9 27 74 120 176 234 305 371 443 513 591 994 1422 1960 2445 2951 3462 3954 4450 7256
3 7 43 109 275 431 585 742 877 1056 1208 1351 1499 2208 2798 3383 3931 4422 4941 5432 5888 8017
8 15 47 92 205 326 444 556 679 784 889 1029 1133 1757 2345 2927 3481 4010 4537 4997 5492 7803
2 2 7 18 37 67 96 140 201 243 291 337 395 760 1176 1619 2131 2670 3214 3749 4289 7141
46 87 448 764 1261 1666 1969 2229 2467 2705 2897 3077 3246 4025 4622 5139 5605 6026 6430 6787 7108 8625
0 5 49 100 199 294 423 555 657 768 890 996 1118 1663 2203 2758 3329 3837 4344 4848 5369 7700
4 5 25 51 110 186 284 370 463 558 678 804 930 1550 2152 2724 3313 3860 4376 4871 5332 7689
18 36 132 266 520 753 967 1160 1372 1580 1746 1893 2049 2790 3411 3993 4531 5011 5464 5934 6335 8225
0 0 17 30 64 105 140 195 248 306 360 423 485 768 1101 1538 1993 2442 2914 3451 4020 6927
56 103 334 539 878 1181 1443 1655 1863 2076 2269 2459 2607 3285 3902 4437 4918 5371 5783 6211 6622 8345
27 56 301 515 895 1216 1475 1705 1925 2160 2348 2552 2741 3490 4136 4667 5154 5607 5997 6378 6755 8456
0 0 4 13 30 45 72 110 144 186 230 286 346 652 999 1449 1942 2463 3006 3530 4121 6954
4 11 56 116 256 414 571 720 870 1020 1184 1338 1472 2163 2826 3437 3971 4481 4952 5420 5861 7994
1 3 21 64 134 221 310 419 540 639 751 869 986 1596 2222 2779 3340 3897 4392 4880 5352 7728
3 6 40 68 137 207 278 366 459 537 610 695 789 1215 1675 2155 2670 3207 3700 4216 4723 7334
33 51 236 426 726 1000 1241 1476 1681 1881 2066 2223 2382 3127 3716 4290 4813 5315 5762 6180 6581 8399
18 27 109 207 409 582 760 954 1104 1272 1447 1590 1713 2386 2988 3585 4102 4599 5056 5500 5941 8031
1 2 18 42 93 156 236 299 370 454 539 651 757 1243 1757 2281 2808 3330 3864 4384 4916 7432
1 1 10 23 70 121 180 256 331 423 499 586 664 1167 1690 2248 2809 3340 3885 4375 4896 7483
0 3 31 73 192 307 463 578 706 847 990 1109 1234 1893 2509 3095 3686 4231 4759 5257 5763 7959
0 1 11 30 89 154 223 297 358 440 521 618 725 1183 1693 2203 2736 3270 3801 4295 4861 7507
36 77 348 631 1071 1449 1746 2050 2302 2550 2765 2968 3165 3955 4622 5236 5693 6178 6530 6891 7205 8682
0 2 21 59 154 269 384 538 684 824 964 1104 1234 1923 2541 3104 3682 4244 4739 5235 5726 7934
0 1 5 17 52 106 151 214 288 353 418 487 570 970 1419 1860 2348 2817 3308 3834 4343 7117
0 0 25 75 185 303 458 595 711 843 979 1115 1229 1853 2439 3013 3548 4062 4528 5045 5567 7865
1 2 14 28 69 108 140 169 215 258 311 357 418 730 1097 1498 1928 2369 2901 3469 4033 6933
0 0 5 9 33 53 76 103 136 171 206 252 300 632 1016 1443 1957 2517 3102 3662 4237 7147
3 11 84 178 365 572 774 969 1158 1338 1522 1671 1847 2621 3335 3918 4497 5026 5496 5917 6350 8215
1 2 18 34 86 159 228 302 373 462 539 649 756 1244 1747 2323 2849 3387 3953 4461 4982 7594
0 1 8 21 60 100 157 220 292 350 432 502 575 980 1434 1918 2436 2954 3449 3999 4557 7304
6 6 23 46 106 159 225 296 372 465 562 664 773 1350 1892 2489 3080 3690 4259 4830 5422 7835
0 0 13 33 87 148 242 337 417 492 581 683 776 1235 1703 2243 2758 3224 3774 4278 4777 7395
0 0 9 16 63 121 193 287 380 476 577 677 807 1418 2043 2752 3390 4002 4582 5150 5645 7996
5 9 55 95 189 285 373 468 560 637 725 801 888 1369 1855 2356 2855 3401 3928 4434 4927 7452
8 13 67 120 235 348 446 552 645 764 853 967 1072 1575 2117 2596 3078 3540 4025 4502 4997 7412
22 48 197 368 613 842 1056 1227 1416 1590 1739 1904 2050 2770 3394 3978 4507 5000 5463 5882 6324 8235
3 5 33 75 221 333 444 554 680 806 933 1047 1150 1756 2348 2926 3461 3986 4477 4973 5448 7744
0 0 9 36 97 164 264 383 502 626 754 869 999 1590 2193 2761 3348 3899 4411 4910 5414 7788
6 13 45 95 218 344 463 595 714 858 972 1096 1217 1815 2371 2917 3501 4019 4534 5024 5535 7871
0 1 18 47 116 208 289 396 487 570 648 742 841 1318 1805 2315 2830 3339 3859 4386 4889 7457
7 9 49 112 245 382 509 639 798 949 1097 1237 1362 2068 2706 3337 3860 4362 4832 5321 5802 7929
5 6 26 58 108 169 236 307 378 465 544 638 729 1181 1724 2282 2793 3302 3907 4433 4983 7525
5 7 43 65 102 151 196 260 299 353 409 470 538 874 1245 1698 2153 2671 3200 3753 4272 7047
6 9 43 121 240 391 528 675 799 920 1054 1173 1282 1898 2463 3005 3551 4033 4495 4971 5456 7758
2 3 15 35 74 119 175 238 288 364 436 495 561 931 1328 1775 2231 2756 3274 3793 4311 7133
0 2 22 50 112 184 268 367 466 569 693 813 913 1462 2010 2565 3085 3638 4181 4715 5238 7674
3 15 157 350 676 989 1273 1505 1747 1952 2158 2357 2539 3311 3944 4483 5021 5450 5887 6298 6715 8467
4 9 59 137 337 505 710 913 1119 1300 1488 1681 1865 2660 3340 3968 4537 5065 5554 5977 6391 8288
2 5 41 79 136 199 277 345 412 469 549 627 705 1125 1535 1953 2448 2967 3487 4011 4547 7251
2 5 18 33 69 129 211 309 406 504 592 706 807 1387 1958 2539 3128 3717 4305 4832 5351 7709
1 3 17 28 70 124 183 253 314 386 456 538 618 1074 1504 2034 2571 3144 3663 4218 4730 7379
5 8 44 103 204 310 405 510 625 722 837 937 1035 1542 2061 2573 3100 3601 4108 4618 5102 7605
0 0 11 35 101 168 248 324 420 517 620 713 807 1360 1844 2411 2968 3483 3983 4515 5028 7557
0 4 24 64 154 253 338 427 535 644 735 832 927 1425 1930 2501 3043 3556 4052 4554 5092 7619
342 551 1331 1820 2443 2899 3239 3509 3722 3947 4135 4325 4496 5176 5705 6160 6538 6878 7197 7478 7770 8926
1 1 4 9 22 36 53 72 105 129 161 208 248 476 752 1072 1475 1909 2388 2884 3469 6495
19 25 95 176 319 485 637 779 937 1075 1215 1349 1500 2192 2807 3367 3939 4471 4960 5485 5956 8050
2 4 26 57 118 188 259 327 396 456 528 615 714 1158 1569 2008 2458 2937 3441 3979 4518 7219
0 1 4 14 71 120 175 253 316 389 456 531 610 1026 1466 1927 2406 2924 3426 3946 4441 7205
2 4 21 62 165 267 376 474 590 702 802 950 1044 1587 2146 2676 3185 3728 4254 4746 5245 7622
2 3 32 71 169 268 343 434 532 655 761 883 1000 1620 2206 2802 3344 3878 4422 4941 5477 7837
2 2 5 15 33 56 83 111 140 185 219 272 306 525 835 1180 1577 1982 2443 2948 3533 6515
0 0 8 22 44 74 107 138 163 202 243 295 348 643 981 1377 1800 2278 2764 3260 3791 6745
14 27 152 324 597 852 1082 1324 1518 1725 1901 2065 2203 2912 3480 4017 4499 4978 5446 5886 6298 8242
3 3 7 14 39 80 133 187 267 328 396 471 537 932 1367 1798 2258 2751 3241 3748 4274 7103
4 8 42 91 183 272 357 443 531 612 705 806 888 1331 1823 2314 2763 3228 3777 4241 4790 7369
2 3 16 33 99 161 231 327 415 494 589 686 777 1279 1796 2372 2884 3417 4002 4587 5120 7603
1 3 11 16 42 66 99 131 170 211 253 283 325 586 888 1238 1654 2094 2615 3110 3679 6719
0 0 3 8 40 71 126 178 245 325 413 481 580 1069 1653 2196 2786 3380 3966 4535 5073 7709
2 5 20 38 97 172 258 343 408 497 605 694 782 1226 1724 2230 2747 3224 3712 4184 4738 7361
2 3 15 35 64 101 149 199 271 341 410 480 558 967 1441 2002 2557 3156 3714 4308 4870 7544
1 3 15 28 60 109 171 240 327 394 487 555 649 1140 1704 2250 2841 3394 3982 4550 5083 7620
3 4 38 82 179 307 417 549 672 792 906 1021 1137 1759 2283 2869 3399 3864 4369 4871 5334 7689
0 4 32 94 196 328 445 607 745 882 1023 1166 1291 1923 2496 3103 3670 4222 4743 5216 5727 7976
3 6 26 39 94 152 212 274 331 394 465 542 622 1046 1501 1985 2493 3004 3575 4104 4697 7318
0 2 11 31 72 121 171 239 295 378 449 532 604 998 1416 1868 2337 2846 3370 3910 4446 7147
3 7 77 190 421 611 810 1005 1198 1358 1531 1721 1880 2589 3253 3818 4312 4808 5279 5737 6186 8174
1 1 7 13 21 53 80 118 155 187 219 262 315 584 936 1279 1710 2189 2704 3228 3814 6738
0 0 4 18 55 110 193 271 363 462 570 672 788 1409 2023 2593 3177 3697 4235 4774 5284 7743
0 0 10 29 54 85 117 148 183 225 281 324 380 670 1025 1424 1867 2307 2753 3281 3819 6828
1 1 6 19 50 102 140 193 246 292 347 413 473 800 1217 1648 2097 2580 3087 3623 4118 6906
1 2 14 31 67 129 173 242 317 382 463 536 607 1066 1583 2076 2620 3115 3638 4179 4697 7440
2 4 31 57 122 205 294 387 483 574 662 753 835 1316 1895 2393 2935 3418 3931 4416 4906 7479
2 3 22 62 167 257 364 482 589 719 837 953 1081 1680 2289 2890 3441 3968 4508 5003 5469 7760
19 35 157 281 478 638 795 951 1084 1239 1376 1521 1650 2272 2871 3394 3898 4356 4816 5230 5683 7852
1 1 11 23 58 85 132 179 236 284 336 392 456 771 1109 1555 1989 2466 2950 3462 3985 6833
8 21 107 217 482 721 969 1163 1381 1576 1757 1932 2106 2881 3527 4065 4617 5107 5586 6064 6481 8346
6 12 57 107 205 316 400 497 591 675 745 842 928 1375 1802 2224 2711 3184 3651 4140 4672 7315
1 3 26 62 159 271 386 505 635 751 879 1018 1129 1761 2371 2955 3486 4049 4564 5086 5527 7821
3 5 28 63 139 250 377 480 610 740 883 1006 1136 1759 2333 2928 3471 4025 4554 5075 5565 7883
0 0 2 8 28 46 70 97 128 151 186 241 277 514 827 1157 1546 1963 2403 2866 3412 6469
4 4 11 28 62 105 158 223 295 357 438 516 594 1027 1492 2032 2563 3047 3598 4129 4701 7337
7 18 141 275 557 830 1076 1337 1557 1737 1927 2143 2316 3086 3753 4355 4864 5296 5751 6168 6568 8309
0 1 16 36 88 154 206 288 367 448 529 619 706 1207 1687 2214 2766 3338 3873 4412 4925 7480
0 0 3 11 33 61 97 145 170 220 273 321 368 624 955 1379 1803 2274 2762 3323 3853 6790
0 0 4 15 38 61 105 144 189 240 289 349 423 776 1187 1681 2224 2731 3266 3828 4383 7201
2 4 9 27 69 96 141 183 236 288 357 409 479 831 1261 1740 2189 2681 3186 3696 4266 7056
2 5 42 88 186 285 390 489 605 716 845 955 1066 1646 2225 2808 3341 3896 4428 4952 5459 7727
87 157 456 705 1058 1350 1626 1834 2052 2248 2450 2610 2768 3532 4149 4678 5164 5620 6029 6428 6822 8470
0 0 8 19 73 120 178 244 336 421 495 576 666 1084 1573 2040 2549 3118 3609 4151 4705 7343
5 8 24 39 81 130 200 276 355 429 529 619 691 1155 1651 2200 2750 3260 3802 4316 4830 7401
4 12 55 125 284 438 580 732 882 1054 1213 1353 1494 2151 2857 3436 4065 4602 5105 5567 6030 8080
3 7 50 108 227 359 493 619 751 867 1024 1172 1303 1952 2537 3077 3605 4116 4618 5093 5601 7853
2 3 13 31 58 92 127 180 235 291 346 412 461 821 1235 1695 2125 2641 3216 3771 4299 7125
5 11 53 102 200 283 365 466 568 664 759 856 953 1456 1961 2453 2914 3419 3932 4439 4993 7534
0 0 3 12 25 39 59 88 128 166 211 250 305 628 980 1401 1887 2408 2982 3557 4142 7086
1 1 12 24 53 93 136 183 245 300 361 417 492 881 1311 1768 2256 2790 3280 3810 4369 7157
138 239 703 1112 1703 2049 2388 2667 2907 3116 3315 3493 3661 4412 4976 5429 5836 6224 6587 6956 7286 8688
6 11 62 134 306 471 662 832 1024 1173 1323 1489 1652 2363 2995 3615 4146 4627 5122 5568 5976 8022
0 0 5 10 29 58 80 112 146 187 234 276 317 617 964 1319 1750 2203 2704 3212 3715 6749
2 4 23 55 147 241 318 428 515 624 743 853 962 1529 2089 2653 3202 3738 4249 4782 5256 7680
0 0 2 7 16 32 60 77 109 145 185 217 256 458 721 1032 1417 1848 2276 2785 3329 6391
0 0 2 5 21 38 56 80 100 137 168 207 237 477 778 1140 1580 2025 2513 3025 3494 6631
1 1 8 28 78 119 167 218 288 345 420 493 567 941 1374 1817 2322 2828 3301 3879 4397 7215
1 1 24 46 93 164 247 330 410 506 606 712 803 1348 1915 2462 3014 3589 4101 4587 5059 7565
0 0 4 9 44 86 123 188 245 332 402 487 558 1031 1585 2153 2722 3283 3891 4480 5016 7595
0 1 28 61 150 264 398 524 666 811 963 1115 1263 2019 2705 3368 3976 4555 5105 5554 6028 8128
5 6 17 28 53 78 103 126 159 190 225 260 301 545 816 1152 1547 1974 2412 2945 3481 6577
2 16 65 115 215 336 436 542 641 751 847 970 1077 1646 2236 2768 3325 3827 4337 4825 5301 7647
0 2 11 20 48 75 117 154 197 238 291 337 401 718 1145 1628 2072 2560 3061 3587 4159 7082
1 2 11 31 73 128 179 226 287 350 409 460 535 873 1295 1732 2228 2747 3263 3811 4292 7095
0 2 20 55 116 181 260 343 425 507 595 675 748 1197 1717 2250 2790 3304 3788 4330 4861 7459
14 46 284 553 961 1300 1563 1808 2047 2249 2450 2623 2819 3582 4202 4712 5172 5582 6011 6394 6779 8494
2 7 29 66 133 208 295 385 496 591 718 829 942 1563 2221 2814 3398 3961 4486 5014 5522 7796
1 3 7 18 47 83 115 160 197 251 304 358 437 742 1116 1541 2035 2534 3066 3644 4191 7094
3 6 15 42 101 158 230 295 372 428 511 597 678 1117 1635 2171 2654 3174 3675 4177 4679 7289
11 29 142 276 520 727 948 1153 1330 1491 1677 1830 1966 2627 3248 3790 4339 4805 5265 5734 6137 8051
1 2 13 33 63 103 155 222 277 336 407 466 525 904 1322 1795 2254 2739 3221 3718 4241 7111
3 5 37 100 276 451 636 802 967 1157 1350 1538 1705 2430 3078 3692 4232 4752 5245 5716 6154 8178
4 15 79 180 346 513 685 848 1000 1161 1336 1479 1642 2277 2923 3515 4091 4599 5043 5522 5987 8109
52 103 408 696 1143 1507 1806 2096 2374 2571 2773 2941 3129 3884 4471 4942 5432 5909 6300 6690 7028 8544
58 102 426 731 1196 1581 1900 2170 2433 2693 2881 3070 3244 4009 4653 5170 5631 6033 6409 6717 7072 8629
0 0 7 13 44 79 109 148 201 251 305 358 418 799 1267 1722 2255 2783 3321 3847 4386 7123
3 3 11 25 68 107 156 231 298 376 459 543 614 1055 1571 2127 2695 3265 3824 4356 4914 7494
5 8 31 53 113 171 234 277 340 408 489 579 653 1116 1625 2151 2636 3177 3740 4224 4806 7444
1 3 13 29 71 119 175 249 334 402 475 554 652 1088 1573 2039 2532 3043 3543 4046 4619 7273
2 9 41 100 190 294 409 505 626 748 848 954 1054 1634 2154 2716 3316 3847 4342 4832 5328 7660
1 1 3 12 40 60 96 130 158 199 241 285 321 552 850 1187 1610 2051 2500 3040 3585 6620
0 2 26 58 134 217 311 419 519 624 727 843 967 1519 2062 2618 3144 3671 4194 4727 5231 7622
0 0 1 6 29 55 91 127 168 211 262 309 377 736 1137 1583 2037 2598 3122 3674 4205 7036
3 6 27 45 115 172 244 330 400 478 556 623 710 1152 1607 2058 2568 3086 3559 4071 4618 7312
0 5 29 66 176 280 388 529 659 794 923 1063 1200 1842 2466 3070 3619 4165 4707 5214 5714 7986
0 1 5 13 44 71 113 155 207 270 325 381 453 861 1337 1810 2365 2924 3467 4002 4582 7280
4 8 23 59 110 172 243 314 397 476 553 648 726 1196 1668 2157 2691 3239 3734 4249 4775 7381
3 4 14 31 81 134 197 252 313 385 447 517 600 973 1356 1811 2275 2817 3289 3771 4301 7090
0 1 22 44 111 184 243 326 400 466 546 642 723 1153 1611 2079 2619 3097 3580 4125 4688 7265
1 4 35 91 226 345 462 578 705 810 914 1007 1113 1657 2214 2770 3260 3780 4268 4756 5229 7648
3 4 11 25 49 83 129 190 230 283 348 422 488 886 1321 1809 2338 2888 3446 4015 4530 7264
0 0 4 8 34 65 109 150 190 239 289 346 412 813 1268 1743 2261 2753 3283 3848 4371 7135
0 0 15 28 58 96 141 199 261 328 402 477 536 948 1385 1855 2385 2861 3320 3864 4398 7199
0 0 2 5 10 22 41 63 79 111 153 188 229 445 732 1067 1461 1873 2330 2846 3409 6458
4 4 14 32 85 140 195 254 301 358 419 492 577 981 1397 1849 2334 2840 3356 3911 4441 7212
2 9 57 119 220 343 470 596 714 844 972 1064 1173 1799 2424 2965 3513 4044 4546 5059 5541 7855
0 1 32 65 157 271 419 565 686 819 914 1043 1166 1803 2362 2933 3455 3972 4517 5064 5550 7887
5 14 63 127 279 412 552 692 830 952 1085 1216 1334 1884 2464 2984 3481 3983 4485 4955 5472 7809
0 1 14 33 75 125 186 235 308 383 478 560 649 1124 1647 2175 2765 3298 3852 4391 4944 7519
1 1 6 16 32 65 88 106 131 172 210 241 288 542 856 1200 1586 2025 2489 2986 3534 6686
5 9 54 108 222 357 498 634 764 890 1010 1144 1281 1959 2617 3223 3781 4293 4789 5303 5789 7973
0 3 19 42 79 126 177 234 285 344 404 472 525 858 1258 1688 2137 2613 3132 3692 4240 7025
2 4 12 19 43 74 102 133 172 219 264 305 343 582 902 1249 1620 2054 2514 3001 3532 6572
1 3 21 58 133 200 305 395 483 584 684 780 898 1419 1959 2447 2973 3469 3974 4472 4998 7587
6 17 116 281 598 914 1178 1428 1657 1847 2005 2174 2352 3133 3809 4387 4894 5399 5845 6261 6668 8422
5 16 124 242 436 623 782 973 1131 1287 1432 1573 1702 2382 2946 3474 4031 4526 5053 5543 5985 8053
1 1 11 32 84 122 167 226 288 356 426 531 627 1188 1686 2260 2799 3312 3884 4414 4922 7556
6 10 45 95 159 252 352 469 573 660 763 870 996 1549 2105 2644 3142 3629 4168 4685 5188 7644
3 3 27 67 170 259 376 477 591 702 812 928 1021 1607 2137 2624 3167 3719 4249 4721 5228 7605
7 15 69 155 334 533 691 858 1003 1151 1296 1431 1559 2207 2816 3340 3875 4375 4815 5286 5733 7906
2 5 85 187 399 582 774 958 1122 1308 1460 1609 1776 2501 3131 3694 4228 4751 5248 5729 6166 8114
2 7 41 80 182 291 402 490 599 712 827 922 1032 1564 2081 2589 3098 3588 4135 4612 5088 7524
0 2 9 15 36 60 102 134 179 216 262 323 377 708 1123 1572 2054 2568 3129 3665 4242 7061
0 0 3 9 36 72 100 150 190 239 288 347 410 739 1137 1586 2076 2580 3085 3620 4134 7082
0 2 9 25 68 96 146 187 227 296 352 404 473 844 1256 1711 2188 2698 3185 3724 4280 7156
0 3 38 63 142 237 333 433 558 632 739 855 960 1505 2096 2631 3163 3691 4212 4731 5253 7671
3 5 28 52 106 191 297 381 459 532 628 729 834 1351 1899 2399 2919 3441 3972 4498 5002 7520
1 3 11 16 34 68 98 143 190 229 282 333 400 718 1102 1493 1929 2392 2933 3447 4002 6894
0 0 2 10 35 83 136 200 265 332 408 477 549 971 1439 1894 2415 2910 3411 3922 4475 7157
5 7 37 70 173 275 369 473 564 650 747 858 961 1502 2015 2574 3078 3612 4096 4562 5057 7552
3 10 47 108 192 296 409 499 615 719 836 956 1061 1569 2057 2559 3104 3561 4060 4605 5073 7538
2 2 9 20 55 112 168 239 296 358 414 483 558 943 1351 1806 2299 2821 3345 3894 4439 7209
0 1 5 8 31 67 98 154 213 277 338 401 466 871 1322 1809 2287 2807 3342 3897 4472 7194
0 0 10 29 63 118 167 221 282 353 425 502 581 1034 1501 2029 2558 3082 3606 4141 4676 7296
10 20 102 179 377 541 714 904 1073 1227 1392 1532 1670 2388 2977 3579 4091 4550 4988 5441 5887 8045
0 0 11 19 70 114 172 232 295 374 434 521 605 1075 1616 2100 2629 3177 3709 4285 4840 7464
1 2 34 92 221 331 455 566 690 801 912 1032 1184 1792 2365 2940 3485 4020 4571 5032 5501 7778
0 2 17 41 100 153 223 288 355 441 512 591 670 1087 1511 1924 2399 2837 3361 3813 4361 7060
0 0 8 22 43 72 103 148 184 222 267 317 362 707 1105 1515 2003 2482 3022 3575 4127 7044
0 1 7 16 52 97 142 206 266 328 414 482 566 1011 1494 2032 2559 3079 3638 4198 4710 7321
8 12 54 107 234 380 504 633 784 918 1050 1189 1312 1902 2479 3026 3611 4088 4567 5020 5474 7781
0 0 9 25 61 105 159 218 258 314 382 454 523 910 1326 1818 2334 2873 3417 3956 4484 7251
0 0 5 14 32 56 84 115 162 196 230 279 323 597 940 1351 1776 2216 2731 3280 3838 6824
0 0 1 4 15 24 34 47 65 87 110 139 174 344 596 915 1278 1687 2127 2649 3167 6305
17 50 267 496 927 1250 1541 1800 2050 2239 2422 2600 2785 3528 4202 4724 5179 5620 6031 6376 6758 8417
10 18 95 177 361 515 678 828 978 1091 1231 1390 1513 2104 2639 3167 3612 4109 4585 5071 5520 7789
1 3 24 68 142 231 314 410 504 623 728 803 930 1463 1958 2462 2977 3513 4028 4541 5066 7557
0 0 6 25 62 112 166 237 324 427 515 602 693 1172 1685 2207 2767 3306 3862 4403 4943 7486
1 1 5 13 30 60 98 124 158 200 241 296 350 636 988 1375 1802 2284 2731 3241 3786 6824
0 2 21 64 153 292 425 548 686 868 1017 1162 1323 2069 2769 3379 3974 4508 5021 5526 5967 8052
0 0 5 9 23 34 51 68 92 114 157 193 222 443 717 1079 1442 1889 2418 2934 3507 6670
0 0 19 38 85 136 195 266 329 389 458 535 608 976 1426 1943 2466 2990 3508 4040 4617 7310
1 1 24 56 135 209 291 381 493 589 686 772 868 1372 1862 2362 2895 3395 3918 4406 4942 7460
1 4 18 45 123 222 327 427 518 622 724 807 914 1456 2029 2581 3102 3640 4134 4665 5190 7585
1 2 15 23 55 94 142 189 236 287 342 419 486 863 1262 1700 2169 2634 3130 3648 4204 6985
0 4 28 70 160 244 343 450 542 667 761 865 964 1577 2146 2755 3338 3830 4381 4885 5366 7744
0 1 9 19 54 92 148 206 269 358 434 511 580 989 1420 1908 2394 2911 3429 3936 4467 7237
2 2 14 23 66 128 185 244 313 381 453 528 605 1016 1441 1914 2370 2889 3363 3852 4408 7098
0 1 27 61 143 243 375 509 631 759 892 1010 1136 1790 2426 2995 3542 4077 4637 5102 5615 7862
2 4 26 47 106 200 290 392 512 621 719 833 957 1561 2186 2762 3296 3887 4379 4890 5361 7723
1 1 10 23 62 109 172 222 279 347 405 489 573 973 1405 1866 2298 2806 3333 3833 4381 7175
6 14 71 146 323 496 699 832 990 1166 1313 1423 1552 2223 2828 3400 3934 4470 4979 5458 5914 8075
0 3 36 65 144 217 308 394 500 600 698 816 918 1530 2121 2664 3226 3776 4344 4882 5402 7716
91 162 538 840 1330 1710 1998 2254 2472 2687 2892 3121 3282 4012 4594 5123 5573 5958 6371 6751 7102 8574
0 1 4 18 34 61 110 148 192 248 297 355 409 742 1130 1506 1931 2360 2862 3402 3939 6877
1 3 19 38 116 184 274 368 455 552 665 785 900 1400 1926 2441 2957 3477 3996 4529 4980 7499
1 2 18 51 136 225 310 416 513 644 740 838 940 1479 2057 2651 3207 3762 4305 4812 5285 7643
3 8 34 83 204 337 504 648 800 939 1074 1221 1351 2071 2746 3351 3915 4413 4903 5335 5829 7915
0 5 21 38 109 198 276 361 454 553 657 757 859 1364 1851 2331 2831 3349 3834 4292 4802 7385
1 4 14 34 92 155 237 297 392 468 554 643 736 1232 1724 2224 2749 3229 3774 4270 4758 7427
0 3 16 38 75 133 188 257 338 408 481 556 638 1124 1615 2129 2693 3197 3711 4254 4789 7406
2 6 56 118 250 390 532 674 810 937 1084 1199 1331 1989 2595 3157 3722 4230 4742 5225 5655 7911
1 5 89 180 412 622 828 1001 1187 1362 1535 1719 1868 2606 3279 3839 4382 4894 5374 5812 6231 8188
3 8 79 175 425 628 853 1068 1289 1466 1662 1853 2028 2794 3486 4092 4616 5121 5616 6075 6472 8313
0 0 9 21 48 79 115 173 230 298 348 418 471 854 1246 1699 2152 2658 3185 3730 4277 7093
0 0 10 13 34 55 88 110 148 191 237 275 316 641 1034 1459 1915 2433 2919 3476 4063 7064
1 1 12 32 71 129 185 255 327 405 480 549 637 1093 1559 2090 2633 3159 3657 4229 4746 7387
0 1 12 24 53 104 156 209 266 325 392 453 519 952 1411 1885 2464 2978 3528 4080 4597 7358
0 1 6 13 46 86 128 192 264 313 372 448 526 935 1383 1840 2327 2839 3358 3898 4464 7246
0 0 4 9 28 65 108 149 202 262 322 390 449 837 1273 1764 2256 2774 3302 3856 4406 7218
2 3 8 18 46 74 127 181 236 291 348 415 480 864 1299 1730 2221 2760 3299 3828 4315 7126
0 0 4 7 55 102 151 200 284 362 441 515 577 1029 1494 1993 2504 3032 3572 4138 4676 7317
7 15 63 136 252 346 446 543 655 750 861 976 1095 1566 2091 2571 3079 3597 4086 4571 5075 7593
1 1 9 23 62 99 146 197 265 330 401 473 551 942 1356 1851 2387 2888 3388 3935 4490 7221
3 11 48 99 235 397 566 707 851 981 1095 1225 1350 1946 2529 3080 3658 4167 4674 5173 5623 7806
1 2 21 63 148 251 354 476 599 709 829 940 1059 1617 2198 2744 3318 3821 4331 4867 5379 7766
2 2 14 38 99 168 240 320 412 507 609 692 793 1313 1854 2396 2942 3467 3948 4490 5035 7553
0 0 9 24 65 122 168 222 271 325 379 445 531 911 1312 1735 2216 2744 3263 3747 4248 7064
0 0 11 33 98 169 245 322 393 482 579 674 764 1281 1838 2400 2980 3492 4053 4565 5066 7552
3 4 18 40 95 158 240 329 426 536 645 766 882 1443 2005 2608 3143 3701 4235 4759 5277 7693
0 1 13 47 91 151 199 274 347 404 487 557 637 1058 1466 1943 2446 2979 3470 3993 4533 7220
3 6 40 104 238 410 550 722 882 1061 1210 1353 1503 2181 2839 3379 3959 4468 4986 5485 5946 8049
0 1 8 19 58 109 160 211 258 335 408 476 550 975 1427 1891 2408 2896 3460 3988 4510 7235
1 4 56 108 227 359 496 644 786 902 1042 1209 1338 2016 2610 3193 3742 4288 4776 5300 5765 7963
1 1 4 6 20 42 58 81 94 126 158 192 234 440 681 962 1314 1704 2135 2638 3160 6347
14 23 149 286 579 825 1071 1301 1506 1713 1897 2069 2235 2987 3610 4177 4688 5138 5566 5970 6355 8245
6 11 61 118 257 378 471 574 663 777 887 1002 1105 1619 2111 2578 3083 3609 4077 4565 5077 7594
2 4 10 21 44 70 94 142 177 219 266 335 401 735 1138 1584 2028 2513 3023 3541 4086 6956
0 0 4 8 26 44 69 95 133 176 230 274 333 622 1019 1435 1919 2415 2965 3492 4075 7058
3 4 24 43 95 146 202 271 350 421 477 542 624 1093 1579 2069 2586 3111 3633 4147 4672 7355
0 0 11 27 88 149 222 297 358 452 539 638 727 1226 1782 2303 2860 3415 3980 4520 5057 7581
8 9 20 31 59 106 153 213 257 312 358 418 484 841 1186 1611 2041 2526 3039 3558 4072 6930
3 7 46 104 212 359 490 627 783 926 1046 1170 1318 1942 2561 3158 3717 4265 4814 5305 5777 7962
5 15 90 171 328 481 627 769 914 1048 1176 1322 1457 2111 2688 3256 3743 4271 4751 5235 5702 7947
0 0 5 18 48 89 119 140 179 224 270 317 364 653 1038 1438 1867 2317 2811 3369 3918 6901
0 2 12 30 85 149 210 291 377 478 564 657 746 1249 1784 2292 2827 3338 3897 4424 4945 7566
1 4 23 50 130 199 266 331 406 479 561 643 720 1188 1650 2126 2622 3132 3652 4199 4728 7401
4 5 14 24 52 90 130 188 235 292 358 431 499 895 1348 1822 2323 2844 3400 3961 4521 7277
2 2 8 29 81 174 250 349 437 522 613 742 836 1324 1879 2400 2953 3487 3975 4471 4927 7440
2 4 20 46 115 186 263 319 397 479 572 656 730 1185 1673 2149 2633 3151 3688 4171 4691 7305
90 162 519 852 1372 1726 2062 2325 2600 2793 3008 3200 3396 4123 4745 5257 5745 6136 6479 6840 7180 8631
0 0 15 37 80 138 200 260 336 401 491 562 636 1032 1466 1963 2465 2966 3466 4000 4524 7258
30 54 188 319 542 720 883 1040 1190 1356 1481 1620 1764 2395 2959 3455 3937 4400 4890 5322 5761 7893
1 3 10 21 47 82 124 165 225 282 354 429 505 887 1351 1815 2307 2804 3306 3866 4425 7144
1 4 37 85 158 263 373 465 566 685 792 908 1038 1609 2138 2729 3286 3779 4290 4779 5268 7719
2 8 57 104 204 306 416 509 610 702 795 897 1002 1526 2050 2570 3112 3637 4175 4629 5114 7605
2 6 30 70 156 273 383 486 608 709 828 945 1074 1637 2171 2669 3194 3724 4174 4705 5205 7680
1 2 8 21 42 73 105 140 186 251 306 379 446 825 1233 1692 2182 2686 3205 3719 4262 7142
5 13 90 208 457 688 925 1118 1287 1445 1636 1803 1953 2634 3275 3838 4377 4885 5387 5838 6288 8226
1 2 9 16 48 82 126 168 227 277 336 408 482 924 1462 2029 2583 3175 3738 4260 4819 7460
1 1 4 9 24 40 59 72 91 107 136 161 196 390 664 990 1388 1837 2308 2881 3421 6518
2 3 13 47 131 246 347 464 610 722 853 996 1131 1799 2387 2953 3495 4002 4541 5022 5481 7772
0 0 9 22 45 92 144 182 234 286 338 406 478 830 1234 1639 2104 2625 3132 3668 4205 7023
4 6 31 59 138 223 331 427 522 622 736 848 955 1466 1954 2458 2959 3495 3991 4523 5011 7500
4 11 54 110 228 346 476 609 727 834 950 1052 1167 1734 2290 2879 3406 3968 4464 4957 5441 7790
36 64 215 376 622 836 1042 1224 1406 1599 1777 1948 2091 2727 3381 3944 4450 4941 5383 5834 6243 8172
13 25 116 250 492 722 919 1092 1255 1431 1577 1748 1905 2582 3212 3783 4293 4812 5277 5737 6173 8169
1 2 21 59 179 282 397 524 658 798 921 1051 1173 1753 2326 2842 3369 3898 4429 4899 5364 7699
1 2 12 36 93 151 228 297 384 452 541 625 712 1194 1698 2193 2737 3245 3732 4254 4792 7431
0 0 5 12 33 65 99 131 167 224 260 306 376 672 1042 1449 1873 2331 2803 3333 3871 6846
0 2 25 61 141 225 314 424 539 631 743 869 994 1564 2136 2694 3281 3798 4299 4831 5330 7715
2 5 30 66 137 210 288 376 467 554 648 725 814 1258 1719 2190 2672 3158 3667 4200 4700 7263
0 1 9 21 67 151 245 329 427 532 628 743 834 1407 1976 2538 3100 3617 4155 4674 5161 7733
3 7 35 65 133 226 316 401 502 602 708 827 925 1510 2098 2643 3180 3722 4268 4740 5221 7660
3 15 57 138 272 401 536 691 829 954 1072 1199 1297 1842 2381 2927 3460 3960 4449 4954 5451 7721
5 5 31 78 182 314 443 570 690 821 944 1057 1170 1756 2338 2887 3440 3932 4428 4906 5424 7703
0 0 12 31 77 143 220 298 383 474 573 671 779 1367 2000 2657 3296 3905 4469 4999 5506 7910
9 14 85 181 395 603 811 1009 1207 1399 1563 1752 1918 2740 3447 4097 4664 5175 5634 6101 6532 8331
0 1 11 23 54 93 109 153 196 252 294 343 396 617 886 1216 1591 1967 2360 2834 3313 6275
0 2 29 67 154 268 364 472 577 691 810 921 1052 1623 2198 2715 3257 3807 4346 4884 5401 7757
0 0 1 3 13 30 53 81 102 133 165 198 257 532 845 1215 1646 2099 2588 3129 3742 6821
1 3 14 50 132 220 319 434 544 678 788 903 1026 1595 2181 2768 3321 3867 4396 4914 5424 7813
1 4 16 33 91 157 227 301 385 471 546 620 715 1212 1739 2293 2870 3329 3872 4381 4896 7402
1 3 13 27 68 124 174 224 283 345 409 461 531 885 1250 1702 2203 2710 3221 3772 4289 7130
0 0 13 37 98 167 247 335 422 503 594 679 757 1253 1746 2268 2808 3342 3831 4380 4890 7444
2 2 3 9 22 41 65 90 123 153 191 230 281 558 890 1294 1718 2203 2705 3276 3868 6860
3 14 133 264 540 819 1051 1276 1496 1702 1903 2092 2271 3096 3819 4427 4953 5444 5900 6311 6686 8438
2 5 24 66 161 248 368 459 572 717 855 1005 1129 1778 2451 3123 3762 4373 4924 5456 5942 8051
1 5 32 71 155 240 314 409 497 586 715 826 926 1487 2041 2602 3152 3705 4259 4785 5269 7702
5 13 58 107 249 415 548 695 822 958 1099 1236 1391 2041 2661 3259 3787 4304 4835 5317 5804 7988
1 1 32 69 183 294 398 514 636 742 834 928 1028 1574 2140 2679 3183 3642 4165 4707 5230 7661
1 2 15 43 121 202 306 424 528 638 758 867 1014 1614 2234 2803 3346 3863 4405 4945 5436 7731
1 3 25 74 177 291 402 542 663 815 968 1104 1244 1915 2520 3141 3699 4244 4769 5270 5722 7977
3 10 68 149 316 472 631 798 930 1057 1212 1371 1497 2116 2699 3215 3800 4317 4752 5223 5684 7843
16 26 123 217 361 471 605 718 858 963 1069 1164 1259 1783 2298 2801 3304 3828 4298 4771 5233 7593
1 2 4 16 45 86 138 189 260 339 396 472 553 968 1378 1861 2373 2871 3416 3929 4449 7210
2 3 36 86 167 268 358 449 536 623 727 844 958 1569 2117 2656 3178 3717 4271 4786 5325 7747
7 15 90 197 360 544 699 856 1005 1137 1290 1437 1570 2245 2835 3430 4000 4515 5007 5430 5901 8038
1 1 16 32 74 108 155 207 254 315 378 447 519 896 1328 1846 2334 2802 3311 3870 4451 7184
20 43 192 346 618 874 1117 1327 1522 1733 1896 2070 2229 3020 3663 4171 4703 5203 5637 6049 6466 8297
3 7 56 121 277 436 587 744 901 1039 1180 1341 1472 2129 2723 3243 3792 4335 4822 5320 5764 7974
3 4 28 55 109 174 250 336 441 541 633 735 839 1376 1964 2573 3148 3733 4278 4857 5373 7740
5 9 37 91 206 339 460 602 719 847 968 1096 1231 1885 2494 3079 3640 4185 4704 5214 5703 7961
1 1 6 12 39 67 105 153 206 243 286 333 388 690 1058 1468 1945 2459 2995 3542 4115 7032
1 3 21 40 99 155 232 306 384 471 557 643 726 1169 1628 2103 2583 3111 3634 4156 4660 7299
6 15 95 220 454 698 949 1136 1352 1554 1757 1912 2102 2911 3571 4147 4662 5140 5582 5992 6372 8271
2 6 68 147 311 465 635 821 986 1140 1289 1455 1603 2276 2876 3412 3957 4472 4948 5419 5889 8004
7 11 43 97 202 323 447 584 685 802 914 1025 1145 1761 2396 2971 3513 4062 4589 5103 5561 7797
0 0 2 4 13 31 59 87 112 142 170 207 255 497 808 1173 1597 2023 2522 3041 3588 6695
1 5 10 15 37 58 87 112 154 194 226 271 324 640 1002 1439 1940 2455 2999 3566 4108 7104
1 11 50 95 200 283 391 463 556 664 773 859 947 1442 1919 2407 2910 3387 3870 4393 4917 7464
2 4 30 58 143 260 373 471 597 730 847 959 1068 1645 2300 2921 3488 4039 4565 5071 5578 7852
0 0 10 19 67 133 188 256 313 373 435 484 547 907 1344 1793 2267 2764 3285 3792 4312 7139
2 2 7 11 20 41 65 95 130 157 192 222 262 501 798 1168 1571 1951 2418 2929 3478 6534
3 10 45 86 205 326 457 591 728 881 1023 1148 1282 1945 2622 3221 3732 4248 4761 5249 5717 7951
